@numOfAttributes 21
@numOfInstances 565

@attribute 'Argentina 9.908088Obs' numeric
@attribute Place numeric
@attribute State {MO,WV,KY,GA,MD,OK,WA,CA,TN,CO,TX,OH,WI,FL,NC,IL,UT,NM,PA,MA,MI,VA,NH,HI,DC,NJ,MT,IN,SC,RI,MN,AZ,NY,LA,IA,AR,Mexico,NV,DE,NE,CT,ID,AL,ME,VT,OR,Russia}
@attribute Gender numeric
@attribute Age numeric
@attribute Age2 numeric
@attribute AgeGrp numeric
@attribute Year numeric
@attribute Seed {391.66,404.6,432.23,385.5,476.11,418.0,451.31,520.79,323.32,332.57,351.2,363.43,390.8,442.74,456.86,491.9,533.1,535.1,561.4,349.98,402.63,376.0,379.8,412.0,402.8,423.8,429.9,423.4,433.2,446.4,469.1,479.8,510.7,540.44,378.01,401.03,450.3,437.3,460.94,483.44,462.8,471.6,480.5,502.12,524.91,510.9,697.8,426.1,452.5,463.9,467.43,501.9,446.97,510.77,498.8,535.9,494.4,540.45,507.6,542.8,683.89,585.2,642.97,814.85,761.0,438.21,457.9,492.5,543.78,523.1,550.1,548.2,570.58,584.3,570.8,629.71,635.77,562.5,881.5,565.67,664.91,707.5,513.69,658.88,795.3,1021.2,*,1074.7,446.29,390.56,391.2,411.72,393.26,432.17,468.6,495.7,528.4,544.6,576.24,763.6,402.69,464.11,426.5,462.27,448.2,468.7,489.65,445.8,476.8,467.89,552.8,508.1,529.5,493.8,550.7,512.0,546.4,553.6,568.38,577.0,626.8,701.0,801.0,469.3,470.4,467.9,512.11,513.7,557.26,533.94,525.7,511.9,542.0,564.23,541.92,612.5,663.0,592.0,618.5,720.6,698.83,790.0,465.15,561.76,568.6,549.36,548.8,547.1,589.4,587.0,614.6,628.7,591.2,787.2,776.0,787.73,825.1,859.54,487.09,506.6,568.55,560.0,583.0,640.53,655.0,641.17,698.8,702.1,897.6,803.4,869.59,1141.7,497.3,581.26,598.0,642.1,691.05,647.9,695.7,760.0,732.8,766.09,932.75,787.54,862.1,965.4,764.34,658.6,741.03,849.6,970.63,816.7,916.69,898.8,746.3,1023.63,1065.5,354.58,421.84,526.22,515.8,634.07,388.78,395.73,363.2,383.83,399.0,409.0,450.44,346.65,390.61,418.5,391.74,391.46,436.82,417.93,423.02,444.9,436.77,479.9,515.46,510.2,512.5,510.31,652.76,624.08,1362.77,407.5,422.7,443.8,541.82,433.48,472.9,472.62,480.1,561.18,543.8,676.93,1213.77,374.36,458.4,467.95,485.03,516.63,490.0,524.9,485.7,504.6,537.99,589.32,464.4,526.67,574.8,565.5,617.69,589.6,1039.61,665.11,438.09,502.61,523.11,586.82,615.9,589.0,686.5,658.02,536.1,794.9,832.9,864.3,1463.41,905.93,364.4,375.67,379.54,399.2,394.8,475.38,708.0,373.84,382.9,409.1,412.04,427.63,425.04,445.1,441.27,462.7,462.43,470.19,583.9,475.08,499.2,497.04,477.0,501.78,536.22,549.9,553.95,591.0,403.64,449.3,461.3,478.6,438.2,463.01,536.65,509.7,539.11,507.86,514.8,508.16,523.39,569.31,527.06,552.94,581.4,548.1,610.9,615.12,678.4,858.23,833.9,431.7,460.9,474.75,564.5,526.62,588.32,558.4,652.58,622.7,559.04,628.6,634.0,696.0,786.24,800.45,490.43,547.4,529.15,583.8,586.67,656.9,594.84,637.4,586.32,679.25,686.38,704.5,757.9,883.1,782.7,1198.86,570.56,590.96,597.57,854.05,581.35,640.64,617.96,657.18,659.24,725.1,722.7,793.06,849.2,967.09,1227.3,647.3,701.49,700.9,709.0,729.16,857.13,968.0,990.8,906.29,994.31,908.13,910.2,1341.53,1148.97,1000.0,391.26,361.83,381.2,396.39,349.83,353.44,344.5,360.93,364.0,384.27,379.91,389.08,407.24,432.13,460.46,347.2,366.53,399.96,372.24,348.18,385.95,408.1,395.69,382.41,407.4,397.37,440.26,448.3,459.01,445.48,463.81,450.09,565.2,583.4,681.7,410.57,399.02,373.71,456.55,459.1,508.8,462.85,512.52,485.48,482.0,524.94,544.2,418.7,430.36,438.8,471.8,504.7,506.27,434.36,509.52,554.55,604.98,535.4,670.02,624.04,746.38,442.0,455.49,470.21,530.85,578.6,664.65,650.31,761.7,429.65,574.0,662.83,667.84,713.49,756.37,550.17,674.13,585.32,911.0,894.1,321.78,406.04,402.51,400.7,431.31,444.34,421.07,479.4,742.81,382.55,390.1,424.57,434.8,455.2,383.68,441.6,500.07,455.8,538.2,394.2,399.68,416.3,433.53,457.86,459.58,484.57,473.0,526.2,505.86,510.5,570.1,493.7,527.28,558.5,608.1,593.0,621.12,720.31,701.23,467.26,481.8,502.3,526.8,570.6,563.9,638.76,626.3,703.09,741.9,793.32,745.2,785.1,467.4,552.4,562.4,457.48,546.9,605.0,563.86,635.39,599.9,603.57,610.3,594.49,659.23,716.46,698.0,677.69,690.18,865.77,951.27,579.05,640.78,793.0,853.0,832.12,835.82,546.94,650.72,669.52,691.8,754.07,849.56,794.75,1033.09,927.74,920.4,1201.18}
@attribute Time numeric
@attribute Diff {-25.41,-35.68,-55.1,-4.2,-68.46,-5.57,2.45,11.39,-21.44,-15.41,-16.08,-24.76,-21.88,-71.24,-18.18,-27.18,-48.14,-23.84,65.85,-20.94,-27.45,1.64,-0.39,-28.38,-16.9,-22.81,-23.89,-11.99,17.43,9.02,-12.48,-7.05,-26.34,-21.35,-3.83,-1.38,-37.14,0.93,-14.12,-31.19,-2.91,-8.22,-8.77,-8.07,-6.27,31.21,-58.16,-17.58,-24.4,-27.52,-28.06,-49.49,6.38,-39.95,2.09,5.9,-27.4,22.91,-19.05,18.49,30.34,-102.57,11.07,-8.91,-169.55,0.74,-44.64,1.05,-6.88,-49.31,-16.33,-13.25,-0.21,-11.43,-23.21,-4.11,-39.02,-2.5,79.25,-43.89,-2.21,-37.18,28.12,-11.98,41.39,-6.01,-137.5,*,-47.48,-75.09,-18.28,-11.1,-27.92,-3.71,-21.09,-3.26,-2.01,-22.66,-12.23,15.93,-79.09,-12.11,-61.8,-6.76,-38.21,-7.57,-25.6,-40.18,4.72,-18.99,11.04,-69.78,-16.91,-30.29,13.5,-30.96,18.99,-13.44,-15.95,-27.88,-9.97,0.05,-54.27,56.07,-27.07,-18.04,-3.13,-37.87,-19.21,-47.61,-19.35,-5.98,21.45,0.01,-20.76,2.08,-27.91,-68.31,27.73,37.74,-44.98,70.6,108.68,-4.63,-57.25,-63.56,-25.38,-14.96,-13.01,-10.88,7.92,-2.3,12.05,62.89,-59.73,-5.83,13.26,-22.93,5.66,-31.91,-29.87,-15.29,-5.82,-15.05,-20.95,-35.35,-10.01,-24.2,19.33,-83.39,20.23,-0.13,-10.2,-51.12,-27.25,-47.27,-24.48,22.31,-4.25,-49.77,0.19,-6.87,-154.11,-6.29,30.93,12.76,93.23,14.49,-88.3,-114.43,44.43,-23.46,14.88,208.13,-46.22,-110.27,-4.01,-55.45,-34.56,-19.7,22.45,-29.43,-27.35,10.02,-9.98,-23.92,-10.57,-19.89,-10.67,-24.19,-45.15,-16.1,-7.16,-17.54,3.24,11.01,7.42,21.59,-15.28,-26.8,-14.6,-7.79,23.2,-57.3,-6.73,-131.39,-2.36,-3.42,-19.2,-112.57,0.58,11.02,9.44,-13.68,7.64,-14.17,-491.35,1.39,-13.03,12.53,-3.72,-18.32,8.58,-23.94,15.68,12.01,13.88,-21.43,-23.36,-4.31,-20.33,-8.72,2.51,31.4,-311.21,64.98,-15.39,3.22,25.98,-12.67,-8.61,57.27,-38.43,-3.61,-28.69,-21.12,31.46,110.99,-242.65,64.63,-13.56,-21.74,-10.1,-9.56,14.59,-16.93,-40.7,-8.41,-5.18,-18.89,-7.45,-2.13,-6.86,-4.18,-13.88,0.09,-9.4,-7.43,-14.92,-126.72,-15.32,-25.31,10.22,-8.06,-24.75,-21.31,-12.14,-23.17,17.32,-22.38,-24.97,-35.43,9.75,-10.89,-62.4,-20.57,-22.68,8.66,8.69,26.74,13.56,-29.57,24.91,1.6,-4.86,37.25,-23.39,17.59,3.2,-87.4,60.01,-7.81,-17.43,-2.65,-46.0,10.51,-40.24,-3.59,-44.81,-6.91,56.9,-11.71,-13.18,-20.49,-16.29,-20.63,-20.37,-28.81,-13.48,-12.09,-67.7,-30.05,21.74,-32.3,-16.55,7.89,-38.85,-13.35,88.83,-285.21,-38.06,-50.03,-39.98,-273.71,4.39,-37.64,37.96,2.87,27.28,-29.4,-19.07,-37.23,-83.25,137.79,-25.66,-20.98,-35.83,-11.53,-0.31,39.55,-34.35,-82.31,-66.8,67.57,8.39,-38.48,22.42,-220.25,42.04,37.23,-52.57,-2.81,-12.26,-16.41,-20.75,-23.29,-1.09,-1.97,-3.62,-20.62,-11.83,-10.42,-27.98,-11.78,-20.32,-5.03,-11.7,-31.11,4.48,36.22,5.33,-13.86,0.14,22.89,-1.22,22.66,-6.46,-2.76,-6.44,10.95,-1.66,12.43,12.07,58.65,-8.36,-19.09,-4.9,36.54,-12.84,-9.7,-54.98,5.05,-27.0,2.6,6.48,-9.38,0.97,-2.74,-7.51,10.53,20.14,-2.51,-32.01,-15.34,65.74,-4.1,-40.42,-65.12,5.42,-60.31,32.34,3.5,-6.81,-7.61,-14.33,-18.16,-8.5,-48.67,36.94,-24.25,12.24,26.26,-47.64,7.94,-10.62,29.09,24.25,-22.49,100.79,-0.79,-41.34,57.72,-11.63,2.14,-5.71,-12.57,12.65,-5.2,-12.21,-168.38,-8.54,0.26,-19.97,-22.97,1.2,74.9,22.12,-34.34,13.41,5.26,-9.74,-1.35,-7.22,-22.1,-21.71,-16.64,0.13,-46.49,-9.83,-11.76,-52.12,26.23,23.09,12.59,-26.58,-6.0,70.07,-14.08,53.95,-23.26,-16.75,7.8,-11.47,-21.36,32.31,-14.8,17.14,35.84,-36.68,-27.8,30.41,0.15,-17.78,-27.55,-32.32,81.87,2.0,-46.02,-0.14,-65.55,-11.08,12.77,11.35,31.36,-15.96,30.13,-9.08,-40.04,-19.53,10.09,70.21,12.95,-5.77,-2.19,-32.5,-1.73,-38.07,-6.17,32.39,17.37,-8.04,0.22,6.56,12.23,55.88,-32.75,75.67,179.21,-80.16}
@attribute Split-1 numeric
@attribute Split-2 {35.42,35.1,36.32,36.36,39.21,38.45,40.06,51.04,30.9,30.75,31.18,33.16,35.44,36.5,42.55,45.38,46.02,49.64,59.49,31.46,36.11,37.29,37.42,36.06,35.17,38.39,38.36,44.68,44.23,41.48,42.89,47.83,53.28,36.7,38.03,38.3,41.93,43.29,42.88,43.1,41.89,44.57,48.6,52.63,47.32,60.5,39.87,41.41,42.08,44.47,44.04,43.61,45.58,48.33,49.3,43.71,51.58,51.93,54.72,57.47,57.93,64.96,62.16,77.99,38.6,48.26,46.05,47.25,51.38,52.2,55.52,59.7,53.57,58.96,62.02,52.99,72.92,54.3,63.75,65.12,49.47,68.67,70.43,83.91,89.91,97.59,34.99,34.55,36.96,37.19,38.26,45.21,44.3,46.75,47.49,52.65,57.12,67.15,36.07,39.95,39.93,40.17,43.34,43.24,42.58,44.72,44.15,48.16,46.51,50.13,48.68,51.46,52.46,51.75,51.7,52.49,55.74,59.73,66.34,79.27,43.45,45.39,44.56,45.49,50.06,49.06,50.83,52.34,49.59,55.01,55.42,61.67,60.92,63.52,60.03,78.54,91.29,43.98,50.62,48.5,52.92,52.16,51.92,56.81,57.19,60.89,60.83,57.25,70.99,79.25,78.02,75.95,85.1,44.84,46.73,53.14,52.41,55.38,61.57,62.24,63.2,65.78,72.67,82.24,76.55,89.2,105.21,48.55,56.93,59.52,65.69,64.62,68.38,67.98,71.81,77.0,76.65,75.66,92.04,95.52,63.74,71.31,76.94,74.97,82.29,81.58,92.93,88.31,89.15,96.74,92.28,34.6,34.96,47.93,52.64,48.97,34.42,36.35,35.25,36.74,36.31,36.08,39.98,32.37,35.69,36.73,37.06,37.01,40.48,39.25,40.71,43.6,44.25,43.83,47.73,44.74,54.0,51.17,53.84,56.35,125.98,41.29,41.34,40.52,39.65,41.67,44.46,47.3,46.83,53.24,54.46,58.58,66.84,66.97,37.33,44.03,46.8,47.77,49.11,49.9,48.72,49.19,51.42,55.85,52.08,45.07,49.23,49.62,55.59,59.6,61.64,73.83,66.35,41.83,48.62,50.39,54.19,58.43,64.08,64.52,64.91,49.15,80.53,86.63,88.29,119.77,88.99,34.26,35.4,36.04,38.12,39.49,46.0,65.73,36.39,36.22,36.98,39.77,41.05,41.25,41.14,44.34,42.96,44.12,44.69,44.75,45.12,45.01,46.08,47.0,46.57,45.91,51.41,52.66,52.82,56.02,40.73,42.01,41.5,43.55,43.86,47.14,47.82,50.87,50.79,50.15,53.77,51.69,53.48,55.61,55.92,54.78,56.8,61.06,67.5,75.73,85.51,41.92,44.65,51.32,53.86,54.56,54.48,61.74,61.07,58.24,60.53,61.05,65.92,73.75,77.61,46.61,52.4,52.42,56.39,57.43,61.71,58.01,58.2,59.24,62.04,66.57,70.6,72.5,85.94,81.04,92.81,54.07,55.62,56.34,55.46,57.24,59.3,63.19,62.83,68.43,68.34,67.79,74.1,76.58,96.73,114.56,62.53,65.7,67.73,69.65,76.93,82.39,83.07,95.83,90.61,105.94,90.23,87.34,119.3,117.76,103.81,34.61,34.65,35.2,33.39,33.89,34.0,36.69,35.77,35.7,36.53,36.3,38.73,45.16,34.07,35.95,36.23,38.15,37.36,37.35,38.75,37.76,37.83,40.26,39.86,43.0,42.45,43.05,42.22,44.53,54.64,64.67,58.39,38.81,37.9,42.68,42.11,45.53,42.46,48.43,48.87,45.3,47.48,51.39,42.43,41.3,44.55,46.47,45.42,48.35,49.73,47.5,51.71,52.77,50.3,62.67,58.68,69.52,45.03,45.73,59.21,61.22,68.01,42.94,57.34,56.23,63.32,63.37,69.74,81.21,53.62,59.79,67.2,91.81,89.9,36.46,38.2,39.75,40.21,41.53,42.75,42.25,43.26,45.76,47.2,56.91,36.9,37.86,40.5,44.54,45.68,46.37,46.66,48.54,37.49,39.74,40.7,40.89,40.84,42.77,43.49,46.3,47.59,46.17,49.12,53.11,51.72,53.94,59.0,54.13,56.88,64.1,69.49,65.94,46.03,43.64,48.3,46.12,52.69,53.19,65.63,63.18,70.65,64.05,76.15,78.17,76.21,44.01,51.14,54.06,50.04,48.65,53.15,53.73,54.84,57.81,57.3,58.86,64.33,62.73,60.0,66.74,66.17,67.74,*,95.02,57.16,79.0,83.94,82.12,85.68,54.6,61.44,64.6,67.85,70.76,81.36,78.38,99.51,99.39,105.79,109.9}
@attribute Split-3 {36.7,36.66,36.95,38.29,40.31,41.03,45.77,53.76,31.19,31.24,32.4,34.37,36.89,38.11,44.13,47.39,49.21,51.91,62.42,32.33,36.73,38.86,37.88,37.72,37.49,40.63,39.7,40.29,46.59,46.47,43.44,45.03,49.69,53.28,37.2,39.96,41.04,42.68,44.63,45.39,45.41,44.09,47.55,51.04,52.4,51.57,65.44,41.4,43.74,43.95,45.45,45.67,45.36,48.17,47.7,48.33,51.56,47.15,54.13,54.31,58.33,61.47,61.16,68.5,63.05,83.33,40.17,47.05,49.73,48.68,50.59,53.89,53.78,56.95,58.92,57.53,62.35,66.61,56.15,82.72,59.25,65.14,68.97,51.0,69.13,78.55,88.79,89.91,105.31,36.99,37.22,37.23,37.44,38.82,41.07,47.2,49.07,49.95,62.47,69.86,38.41,40.42,41.08,42.54,45.08,45.66,45.29,45.18,45.7,46.79,49.41,48.49,50.05,51.58,52.83,53.93,54.26,53.55,54.18,57.29,62.08,66.09,94.14,44.36,46.46,46.24,49.46,52.38,53.09,55.13,54.58,52.85,59.98,61.63,61.52,67.35,67.3,80.07,84.09,45.71,51.61,52.15,54.17,55.06,53.29,58.88,61.37,62.9,63.38,69.2,73.05,79.22,78.02,76.83,87.82,46.2,47.46,55.53,57.87,56.63,64.23,62.87,69.34,73.13,81.72,83.04,89.41,105.21,49.51,54.63,57.04,61.34,68.38,69.59,71.0,73.09,76.18,75.0,82.18,77.83,88.91,103.41,68.45,71.31,78.79,80.43,85.13,81.58,93.48,90.7,92.28,99.47,95.12,35.18,35.32,50.07,52.22,59.09,35.68,37.94,37.56,37.73,38.07,43.13,34.23,36.67,37.75,39.2,42.34,42.35,43.63,46.12,47.07,47.31,48.65,49.68,54.01,56.52,63.59,124.36,41.96,41.49,42.19,43.02,45.51,49.08,49.87,59.39,57.63,59.15,67.36,73.41,37.61,45.52,49.98,48.89,52.21,51.59,50.97,51.5,56.41,57.47,45.17,51.37,55.09,57.88,63.82,62.04,74.03,69.26,43.61,51.83,53.36,61.18,62.71,66.67,67.46,67.33,50.95,78.13,86.23,95.8,119.77,179.97,34.86,36.47,36.91,38.93,41.22,47.21,69.79,37.79,38.79,41.13,42.56,42.76,41.94,43.83,43.9,45.24,46.11,46.14,46.45,47.52,49.88,48.26,48.03,52.9,53.08,54.25,58.3,42.45,44.67,44.73,45.68,46.04,48.57,50.12,52.82,52.75,53.74,53.07,54.9,52.51,54.96,57.82,58.05,58.25,60.88,63.43,67.62,78.41,91.06,43.09,44.78,52.8,56.2,56.78,56.84,64.69,62.14,60.38,61.99,62.93,70.0,80.04,77.45,47.65,53.25,53.61,58.0,58.98,60.55,60.35,61.97,63.85,63.5,66.37,75.94,74.72,88.64,89.35,94.27,54.1,57.15,58.22,59.29,67.92,66.95,68.81,70.57,70.69,75.66,78.01,108.54,124.97,66.22,70.21,72.44,79.01,86.43,86.08,95.72,96.74,99.66,90.23,93.53,123.12,122.45,108.6,35.57,36.44,36.22,38.46,33.65,33.97,34.6,35.58,36.74,36.54,38.74,37.36,41.77,44.29,34.56,35.02,37.18,37.27,39.16,38.21,39.14,40.44,39.17,40.05,42.37,44.59,44.76,46.65,60.8,67.91,67.51,39.25,39.43,42.71,44.56,46.32,46.15,50.2,50.99,48.71,50.77,51.78,55.62,42.11,43.15,47.17,47.72,46.72,49.84,51.94,49.65,52.66,52.78,55.72,66.01,75.95,45.35,45.89,58.13,61.28,68.55,70.67,44.51,64.6,*,70.23,68.13,73.33,82.01,57.26,65.93,71.77,90.98,97.49,38.52,39.71,40.49,41.92,43.54,43.03,46.06,46.84,48.91,58.21,37.91,39.35,39.87,41.73,45.75,47.33,47.63,48.42,55.1,42.32,41.81,42.62,44.11,47.79,49.33,48.31,52.65,54.09,52.34,53.46,57.28,56.96,59.86,71.59,72.62,71.18,45.3,48.15,43.77,50.5,48.8,68.41,67.11,69.96,72.99,77.96,79.38,78.99,45.87,53.88,53.52,54.37,54.62,56.28,59.87,59.88,61.48,60.96,63.8,68.57,65.89,70.4,67.15,75.73,98.85,59.17,80.02,84.13,85.43,88.58,56.86,67.65,66.51,69.66,75.51,85.57,85.82,97.7,99.39,115.49}
@attribute Split-4 {37.59,37.19,37.58,38.98,41.28,41.62,48.05,55.22,30.97,31.42,33.26,34.75,37.54,38.41,46.07,47.95,48.66,52.2,64.51,32.77,38.06,39.28,39.14,39.21,38.53,41.45,41.87,41.65,47.48,46.7,45.57,47.28,49.27,53.28,37.69,39.96,43.19,42.14,45.23,47.04,46.89,45.55,48.21,51.89,52.54,54.37,66.58,43.62,44.73,44.7,45.76,46.86,46.14,48.76,49.37,50.58,51.43,48.98,53.45,54.67,60.01,61.43,61.34,67.34,65.86,82.65,40.84,48.68,50.16,49.47,52.52,55.9,57.22,57.96,58.89,61.95,65.06,58.43,91.06,58.73,64.68,73.7,50.95,71.5,77.79,95.59,89.91,105.31,37.61,37.87,38.77,38.35,39.44,48.0,50.11,52.18,55.31,62.05,70.88,40.35,40.55,41.71,43.27,46.21,45.67,45.89,46.02,46.8,48.17,50.24,49.55,50.42,52.46,52.7,55.35,54.53,55.61,54.78,59.48,63.97,64.55,92.66,44.74,46.67,47.19,49.28,50.46,52.38,53.57,53.38,54.73,56.78,55.6,55.68,60.11,61.81,64.15,68.01,70.36,80.89,91.47,47.61,52.6,52.06,53.67,53.87,54.31,63.06,60.91,62.32,64.46,70.47,76.71,78.53,81.54,81.7,88.91,46.65,46.44,56.89,56.91,59.57,62.42,64.7,63.68,68.55,73.92,84.81,82.63,87.48,117.24,49.87,54.66,59.96,62.72,69.35,69.82,69.78,73.34,76.05,76.66,80.46,77.68,92.69,105.36,71.34,76.51,78.68,79.71,84.56,88.5,90.15,92.65,101.79,100.3,96.96,35.01,36.31,50.94,51.49,64.35,36.61,37.78,38.79,38.62,44.76,34.57,38.51,37.68,39.38,43.37,45.05,45.19,45.47,47.72,48.25,50.25,50.68,52.49,55.0,58.64,66.68,124.08,42.04,42.93,43.24,44.62,43.96,46.43,48.92,51.44,58.78,57.42,57.08,67.7,76.48,37.89,45.21,50.57,49.25,51.36,50.88,52.69,51.98,52.58,56.57,60.65,45.09,53.1,57.53,57.02,63.03,63.13,73.4,68.14,44.19,53.19,58.14,60.81,62.79,66.94,67.68,68.21,79.31,87.0,97.97,126.14,91.05,35.0,36.7,37.9,39.39,41.66,47.23,70.84,37.21,39.22,41.67,43.23,42.37,43.79,44.85,46.05,46.96,47.39,46.52,49.18,50.44,49.3,49.52,54.63,54.01,55.51,57.93,42.96,43.15,45.18,45.51,46.57,49.08,51.23,52.14,53.66,55.08,54.71,53.89,55.07,59.42,61.24,61.27,64.67,68.1,77.99,88.46,43.46,44.8,48.75,53.54,55.53,57.71,57.76,60.98,62.71,68.2,63.66,61.55,69.39,84.32,78.34,47.79,54.22,53.08,58.39,58.63,60.7,62.04,64.12,63.87,68.65,74.25,88.37,87.3,94.16,54.04,55.39,56.35,59.37,60.38,61.63,68.96,67.71,72.74,73.12,75.28,76.4,113.33,123.39,64.49,68.77,69.3,73.68,79.13,89.08,92.36,99.7,99.66,89.3,93.95,110.88,116.77,108.63,35.4,36.89,38.71,33.55,33.69,34.48,36.95,37.16,37.37,37.31,39.46,38.67,43.31,44.35,34.66,35.88,38.0,37.83,38.87,38.55,40.05,41.05,39.72,41.77,43.53,43.4,45.24,46.64,46.25,48.8,60.26,66.75,70.54,40.3,40.09,43.22,46.71,45.49,46.99,48.77,50.19,50.65,48.89,51.01,53.14,42.07,44.39,46.75,47.41,48.28,50.17,50.81,52.37,53.23,55.41,55.71,63.78,64.03,78.04,44.04,45.37,46.13,53.59,65.72,70.18,75.98,45.13,65.36,*,66.46,69.33,74.54,82.6,60.43,66.81,69.88,93.98,95.71,38.6,40.58,41.06,42.12,43.11,45.25,43.34,58.31,41.32,42.23,47.67,47.44,48.2,49.56,56.9,39.33,40.65,41.96,41.79,45.66,45.15,48.32,47.83,48.31,49.9,51.56,52.51,52.88,53.43,54.43,60.41,61.35,70.26,70.93,72.96,45.52,47.76,44.86,49.62,57.36,58.03,66.5,67.64,71.67,70.81,78.9,80.1,84.69,54.56,54.2,56.13,56.05,59.6,58.66,59.92,64.07,62.3,61.04,65.05,66.63,67.19,70.0,71.07,70.25,98.11,60.21,79.45,86.25,82.72,83.95,66.23,66.74,70.69,77.05,85.97,89.38,98.87,95.43,114.29}
@attribute Split-5 {38.05,38.34,38.91,41.69,41.56,48.44,53.29,30.78,31.52,33.99,34.37,38.06,38.3,45.56,47.86,51.97,53.45,66.27,33.96,38.73,37.62,38.26,40.5,39.37,41.08,41.83,43.25,46.85,46.56,46.84,48.16,49.81,53.28,37.75,39.96,42.63,43.6,44.64,46.72,46.86,47.18,49.5,51.08,52.82,55.19,67.62,43.16,44.24,45.04,45.81,47.45,46.46,48.01,49.93,52.05,52.15,51.71,54.52,54.65,58.65,60.79,61.32,67.83,68.33,84.1,40.88,47.67,50.63,49.86,52.22,56.88,56.58,57.39,58.75,59.87,61.53,65.29,59.37,90.12,59.4,63.76,77.09,51.45,71.34,81.22,89.68,89.91,102.58,38.0,37.84,38.9,38.88,40.96,42.72,47.94,50.75,52.78,54.46,59.91,71.42,41.03,40.36,42.6,43.9,45.82,45.16,45.66,47.01,46.54,48.67,50.26,50.12,52.11,53.0,55.3,54.72,55.32,56.62,58.73,66.45,65.37,90.96,45.73,45.74,48.1,48.56,49.17,52.38,53.41,55.14,55.75,56.09,54.91,60.08,61.25,64.3,69.21,71.73,78.15,93.24,47.98,52.18,51.88,54.15,54.18,54.51,57.63,62.26,61.76,64.77,69.9,75.11,77.99,93.13,84.39,90.43,47.02,49.12,56.49,60.22,64.33,63.31,64.6,69.12,76.21,83.19,90.11,90.63,117.24,50.0,56.18,61.14,68.73,69.32,70.51,75.35,73.94,75.0,80.18,80.43,91.46,104.71,76.33,76.59,77.31,78.83,87.73,88.5,89.13,94.09,97.81,100.42,99.53,35.24,37.9,50.86,50.02,68.35,37.08,38.19,38.99,38.04,39.22,39.56,45.35,34.68,37.57,37.61,38.7,43.22,44.52,45.46,46.42,47.2,48.0,50.54,51.21,55.77,59.95,65.33,122.52,41.93,42.42,43.72,45.88,44.7,46.47,49.98,51.22,56.26,55.43,60.15,69.53,38.1,45.9,50.5,48.97,51.53,50.74,51.68,51.5,57.17,59.74,45.03,54.45,58.0,57.27,66.39,62.55,73.97,69.66,43.4,52.3,57.41,63.86,66.05,68.58,67.76,52.73,78.36,88.62,101.35,127.74,89.48,34.82,35.93,37.39,39.79,41.73,47.06,68.84,37.28,39.14,41.58,43.14,43.56,44.37,44.79,46.74,47.52,46.76,47.55,46.49,47.76,50.32,49.7,51.57,54.41,55.94,57.88,43.34,43.94,45.47,45.45,45.93,46.89,49.87,52.59,53.48,54.97,55.6,54.33,54.59,55.44,56.72,59.11,60.59,60.53,64.51,78.84,91.72,43.83,45.32,49.05,53.67,54.86,55.42,56.81,61.88,62.62,65.31,63.24,62.05,68.79,79.79,79.43,48.93,53.39,54.63,58.61,58.47,61.09,60.16,62.41,62.81,64.34,68.01,74.61,75.31,88.9,89.97,93.97,54.02,57.36,59.52,63.32,68.52,70.61,70.57,73.9,77.47,78.02,116.79,125.97,63.97,68.43,70.45,75.28,77.5,90.24,94.44,98.97,103.02,89.3,95.48,110.88,123.12,109.12,34.85,37.3,37.47,39.08,33.53,32.99,34.66,37.15,37.49,37.51,37.65,39.04,38.71,45.22,44.83,34.98,36.81,38.32,37.69,39.28,40.39,40.54,41.35,41.39,42.19,43.64,45.86,48.94,48.11,60.45,67.81,73.8,40.77,39.63,42.91,45.91,46.95,46.08,49.96,50.19,50.51,51.76,54.6,54.94,45.21,47.05,48.07,48.28,50.79,52.37,51.9,52.01,53.32,55.53,63.61,64.58,77.77,43.67,45.95,47.61,53.14,58.42,63.89,73.39,77.01,45.41,63.15,*,67.67,73.31,81.21,59.55,65.76,70.66,95.59,99.91,39.13,40.48,41.05,41.84,43.71,44.51,44.13,47.28,58.15,39.42,41.37,43.1,47.69,47.63,48.59,47.96,48.83,57.68,40.66,41.68,41.9,45.26,45.64,49.34,49.15,49.89,50.38,50.68,52.61,55.54,56.74,57.95,60.84,61.61,73.2,71.54,78.46,45.67,47.68,44.86,50.78,52.16,56.8,67.07,68.48,70.55,72.49,77.81,78.51,81.34,46.52,54.44,53.85,55.03,56.17,57.6,58.38,60.2,65.41,62.95,62.14,62.64,66.76,67.32,69.85,71.56,70.33,98.31,59.76,79.75,86.72,85.06,58.62,65.21,71.25,79.88,86.63,100.76,117.11}
@attribute Split-6 {37.69,38.17,38.75,39.23,42.83,42.22,47.79,53.11,30.44,31.75,34.29,34.84,37.98,37.95,45.67,48.34,51.55,53.22,67.62,33.92,38.63,37.91,38.89,40.19,40.44,42.44,42.41,46.24,46.98,46.83,49.19,49.51,53.28,37.9,41.44,42.31,44.97,45.91,46.62,48.11,48.29,48.58,51.4,52.39,56.43,67.53,43.92,46.01,45.34,47.15,46.36,48.08,51.3,53.01,52.35,54.24,53.49,54.23,57.61,57.41,61.88,67.39,67.94,79.84,40.14,47.49,50.6,50.99,52.55,56.48,58.19,58.94,57.03,60.11,61.57,66.19,58.87,90.12,58.29,63.46,77.22,51.67,71.74,80.38,89.68,89.91,112.49,38.32,38.15,39.75,39.49,40.05,42.25,48.26,48.09,51.25,52.84,55.4,63.11,73.74,41.75,40.45,43.22,43.79,44.78,45.3,45.87,46.45,47.04,50.17,50.32,50.79,50.84,51.85,52.78,54.01,54.54,56.18,55.85,58.32,67.55,65.1,89.73,45.7,45.55,48.17,49.08,50.15,52.38,53.17,51.94,55.59,55.25,55.9,57.25,60.09,61.07,65.86,75.34,76.62,90.19,48.14,51.92,52.05,53.94,53.99,54.53,58.6,60.94,63.15,64.77,70.62,74.55,79.39,75.95,84.39,87.58,46.6,49.73,57.63,56.3,59.05,62.19,62.4,63.91,69.44,73.75,86.37,86.2,87.52,120.17,49.6,55.5,58.31,61.64,70.13,70.1,71.43,75.54,73.61,75.07,79.0,82.66,89.11,100.7,74.58,77.94,75.56,81.53,87.8,88.5,91.74,95.06,100.52,100.95,97.24,35.37,38.69,49.91,51.02,83.09,36.99,37.49,38.42,38.26,38.19,40.82,45.56,34.56,37.83,39.09,38.05,39.04,43.14,44.43,46.21,48.16,48.4,50.53,52.19,52.12,56.27,63.1,123.96,41.99,43.64,44.06,45.53,44.17,46.09,49.36,51.57,56.6,57.67,58.43,68.87,77.84,37.86,45.89,50.28,49.0,51.74,51.09,52.43,50.55,51.79,56.86,58.76,44.67,54.45,57.87,63.39,63.26,74.79,71.66,43.2,52.04,57.5,58.97,67.51,68.3,68.9,52.1,80.01,88.67,105.34,129.79,87.76,34.48,35.67,39.68,42.37,47.05,69.58,37.11,38.09,39.76,42.49,43.55,42.86,43.84,45.69,47.06,47.74,46.39,47.4,46.99,48.41,50.93,49.85,51.63,51.84,54.06,55.44,58.5,43.53,44.44,44.86,46.5,48.96,50.11,52.96,52.56,54.34,56.16,54.8,55.74,55.87,57.05,59.51,61.56,60.78,65.3,70.0,77.82,91.22,43.31,45.03,49.72,53.02,55.98,58.17,62.18,62.58,66.78,63.23,63.48,69.69,80.17,81.33,48.62,52.31,54.76,57.58,59.82,61.51,63.77,68.66,71.81,74.29,89.84,89.34,92.35,53.7,55.94,55.67,61.03,59.62,60.45,68.92,69.29,70.17,72.32,73.43,77.92,78.88,114.58,130.6,63.87,69.27,70.49,73.82,78.23,83.19,91.35,94.58,103.17,97.91,86.5,95.48,111.45,115.77,106.82,34.14,36.44,37.58,40.23,33.37,32.85,34.64,36.86,36.65,36.37,38.01,39.0,39.12,44.28,44.51,34.93,36.32,38.1,37.96,39.29,39.51,40.73,40.54,40.72,42.81,44.07,45.73,45.9,45.85,47.96,61.27,65.62,78.24,40.61,39.96,42.71,46.15,46.79,45.47,49.3,50.83,49.81,50.63,51.6,56.25,42.29,47.93,47.52,49.03,51.07,51.33,51.68,50.91,53.65,57.07,56.15,62.71,63.19,79.23,44.26,45.94,46.1,54.12,58.82,64.96,73.85,76.48,45.07,61.44,*,69.74,72.66,79.17,59.48,66.85,73.53,94.95,101.33,40.92,41.12,40.95,44.94,48.15,59.95,38.24,39.54,42.4,42.19,47.08,48.06,48.05,56.94,39.36,40.9,41.5,42.2,49.8,46.89,49.06,50.49,52.29,52.67,55.26,56.35,57.94,62.11,62.03,72.1,71.85,78.42,45.2,48.28,46.71,50.3,53.34,55.39,56.0,68.72,73.54,73.59,76.37,78.0,79.25,46.68,55.12,55.42,56.51,56.19,58.38,59.5,61.14,59.24,64.14,63.17,63.08,64.57,67.97,67.4,70.52,69.87,69.47,98.31,58.49,63.85,80.72,83.77,82.79,88.28,58.01,67.34,68.46,70.42,76.96,85.45,99.71,113.28}
@attribute Split-7 {37.8,38.23,39.11,39.55,42.5,42.14,48.62,53.07,29.9,32.01,35.06,34.89,38.2,37.78,46.02,48.75,52.37,53.49,67.22,34.12,39.0,39.14,38.78,40.25,40.0,41.57,42.06,43.39,45.93,46.88,48.58,49.84,49.44,53.28,38.26,41.44,43.41,46.36,46.25,47.5,46.9,49.41,49.07,51.19,52.13,57.91,67.44,41.77,43.93,45.55,45.82,47.7,46.41,48.12,50.17,53.45,52.67,57.15,53.68,54.25,58.3,61.9,65.34,66.33,68.48,81.81,40.31,46.79,50.32,51.23,53.06,54.54,57.09,56.3,56.94,59.04,59.89,65.15,56.66,94.33,59.44,62.1,78.7,52.05,72.18,81.77,90.09,89.91,97.46,38.92,38.38,40.67,39.98,40.59,42.56,48.61,48.96,51.37,52.55,55.27,60.81,68.03,41.21,43.97,44.19,45.03,44.85,46.15,47.03,47.67,50.37,49.1,51.66,50.51,51.39,53.78,54.62,56.2,58.05,67.27,66.07,89.55,45.12,45.63,48.18,48.25,50.0,52.38,51.71,52.45,55.59,55.25,57.41,57.25,61.63,59.4,63.01,67.86,72.46,77.04,95.78,51.65,53.36,54.42,54.65,59.05,62.4,63.21,66.51,70.62,76.02,79.24,77.26,80.62,90.88,57.63,56.27,58.77,62.47,64.0,64.6,69.93,75.56,81.8,88.36,85.01,116.81,49.48,54.79,61.13,60.94,68.8,68.86,68.82,72.95,74.56,77.83,79.67,82.31,92.15,105.41,76.3,77.45,77.31,78.15,87.35,88.5,90.71,95.06,109.25,101.12,99.23,36.21,38.21,49.86,49.35,73.54,37.16,37.35,38.77,37.89,38.76,42.3,44.86,34.39,37.05,38.36,37.92,40.48,42.92,44.51,44.57,47.08,48.48,48.69,50.68,54.92,64.92,62.75,130.45,41.55,43.31,43.83,45.61,45.1,45.86,49.51,51.26,57.26,57.99,56.98,68.52,76.95,38.4,45.47,49.92,48.17,50.67,51.09,52.87,50.63,51.91,56.43,59.07,44.59,54.43,59.34,63.44,67.28,74.1,81.0,43.34,51.56,57.06,65.78,66.89,66.94,52.4,78.82,89.63,105.09,128.0,88.74,35.57,35.53,37.67,39.62,42.52,47.04,37.19,38.46,40.17,41.68,42.34,43.46,42.87,45.48,46.69,46.4,46.56,47.43,46.77,48.87,50.07,49.85,51.51,51.29,53.84,55.85,57.9,43.8,44.32,45.98,45.16,46.24,46.46,48.63,50.84,52.91,53.94,56.49,54.44,56.87,56.72,57.29,59.57,61.1,60.26,65.1,69.58,78.14,91.46,43.14,45.41,49.3,52.72,54.17,57.71,56.57,59.97,62.6,64.05,62.7,63.27,68.74,80.22,48.52,52.46,58.25,58.96,58.28,61.68,62.23,62.59,65.62,68.84,74.02,74.07,89.29,89.36,92.8,55.52,54.59,57.08,60.6,59.82,63.0,68.79,69.27,68.91,70.23,73.01,77.77,77.46,114.38,131.98,64.21,68.95,70.95,72.98,77.96,81.5,92.96,94.24,102.11,97.91,86.66,98.19,112.47,122.73,105.5,33.68,36.17,38.69,39.42,33.27,32.89,34.75,37.02,36.56,38.31,39.5,39.49,44.88,44.37,34.85,35.66,37.96,38.29,39.34,40.35,40.72,40.75,41.95,42.79,45.71,46.29,46.64,48.26,48.67,61.87,65.87,76.36,40.42,41.1,42.02,44.38,46.7,46.18,50.22,51.55,49.67,50.62,52.36,53.13,54.27,42.33,46.55,47.26,52.21,53.5,52.25,53.85,57.17,63.51,67.43,79.41,44.78,45.89,57.86,65.89,73.93,76.94,45.24,58.64,*,68.77,72.54,81.75,59.24,69.01,69.96,92.26,101.42,39.04,40.71,41.29,40.83,44.23,44.72,48.22,49.52,52.94,58.74,38.5,39.87,41.63,42.71,46.96,47.84,47.8,57.24,39.32,40.74,41.51,42.2,46.45,46.07,49.9,47.42,49.06,50.75,52.98,56.14,57.16,63.4,60.91,71.45,71.97,80.04,45.02,47.14,48.15,51.15,53.6,56.64,68.43,68.3,70.43,75.43,78.69,76.73,81.26,46.09,54.6,54.72,58.29,57.45,58.23,61.32,64.36,64.37,62.13,65.47,65.66,67.26,71.94,69.65,71.87,89.05,97.5,64.03,80.87,84.67,83.89,92.33,58.2,66.75,67.5,70.54,80.75,84.66,86.05,101.44,104.09,117.57}
@attribute Split-8 {38.51,38.39,39.7,40.22,41.9,48.29,47.74,53.83,29.79,32.94,35.43,35.1,38.93,38.88,45.02,48.7,51.98,52.95,65.64,34.27,39.06,39.03,38.8,40.62,41.3,41.23,42.54,44.33,45.17,46.72,49.76,50.82,49.69,53.28,38.55,41.47,43.02,45.56,47.6,47.62,48.4,48.72,49.78,52.79,59.08,68.39,41.51,43.54,45.01,44.23,46.48,47.08,49.1,49.47,52.11,51.57,57.29,55.3,53.66,57.8,57.99,62.73,62.65,67.13,81.36,39.91,46.97,51.46,52.58,52.67,55.56,56.88,57.57,54.4,58.72,58.85,64.56,55.42,105.64,57.64,62.81,80.81,51.1,73.87,85.25,90.09,93.39,107.94,38.85,39.04,39.96,39.85,40.98,42.53,48.45,48.96,52.12,54.21,55.34,60.85,71.35,41.02,40.93,44.46,43.92,45.4,44.84,46.71,46.82,47.33,50.41,48.74,52.07,51.38,52.23,53.87,54.51,54.41,57.45,55.25,60.09,67.68,66.13,89.55,44.8,45.89,48.89,49.55,51.04,52.38,52.4,52.68,55.59,54.98,56.42,57.46,60.62,59.76,63.62,67.75,72.92,76.98,94.22,48.17,51.48,52.09,53.44,53.99,54.7,58.42,61.3,67.39,69.59,75.56,78.91,86.69,83.14,89.17,46.26,49.36,57.63,57.7,58.82,63.72,63.99,63.18,70.14,74.75,83.79,89.89,88.44,116.81,49.48,54.61,58.07,59.51,69.4,69.65,70.55,75.54,75.69,75.92,79.01,79.5,90.48,102.58,77.3,77.45,76.17,77.49,89.71,87.95,88.28,95.02,98.95,100.98,103.79,36.47,37.92,50.69,50.53,73.85,37.13,37.37,38.21,38.32,43.17,44.29,34.38,37.3,37.74,37.95,40.3,42.87,44.07,45.74,46.52,47.88,47.97,50.76,52.52,53.27,67.1,64.9,135.47,40.97,42.98,44.56,45.64,44.92,45.92,50.75,51.05,56.53,57.3,58.73,67.29,77.17,38.3,44.85,48.81,49.02,51.4,49.81,52.59,52.53,55.63,58.36,44.58,59.52,57.27,65.25,65.56,74.59,82.21,43.24,51.14,58.31,58.33,62.25,66.57,66.99,65.8,51.8,79.94,89.41,107.6,133.31,90.81,36.81,36.06,37.7,39.81,42.43,46.35,67.91,37.43,39.38,41.5,41.37,42.29,43.35,43.83,45.22,46.64,46.56,46.8,47.9,49.66,50.39,50.16,53.04,51.71,54.52,55.58,57.73,43.16,44.34,45.23,44.95,46.04,46.37,47.98,50.71,52.37,53.09,53.17,56.09,55.22,57.17,56.64,59.57,60.84,60.36,65.1,72.09,78.86,91.58,43.49,44.75,49.95,53.54,54.45,56.23,58.05,61.76,64.77,59.67,62.67,62.6,69.37,78.74,81.38,48.69,53.1,54.16,58.75,59.02,60.3,61.66,63.71,62.33,65.96,69.69,73.08,72.89,89.78,90.71,92.46,54.53,57.32,55.98,60.21,61.88,60.53,66.27,69.16,70.41,70.15,72.62,80.26,78.1,118.19,121.63,63.59,68.76,70.27,73.07,81.02,78.63,90.9,92.34,99.87,100.12,86.66,95.45,111.94,126.87,104.22,33.39,37.09,38.76,39.24,33.31,33.45,35.0,35.28,37.23,37.85,39.01,39.78,43.19,44.48,34.54,35.87,37.56,39.5,39.55,40.95,40.38,42.99,43.33,44.42,46.11,47.81,48.2,48.77,61.05,66.33,73.5,38.7,41.16,41.74,46.53,47.39,46.43,49.56,48.53,49.18,50.97,52.02,56.03,41.87,45.18,49.93,49.54,49.9,52.89,52.6,51.97,56.89,56.39,60.05,71.02,80.73,43.69,44.9,47.12,52.78,56.87,61.79,72.51,77.84,44.76,61.48,*,70.0,75.49,79.6,58.94,67.8,71.18,91.22,100.04,39.79,40.43,41.44,44.37,44.64,48.1,49.19,55.26,59.37,38.31,40.05,42.19,42.12,46.92,47.23,47.73,47.09,47.45,56.73,39.16,40.48,42.22,46.02,48.38,49.42,53.36,52.29,57.23,59.14,60.93,60.17,72.39,75.34,82.25,48.14,49.83,49.99,53.56,53.93,56.19,64.84,67.58,71.58,74.26,77.63,78.56,77.85,45.24,53.07,54.79,56.48,56.49,57.95,58.64,58.02,61.02,64.63,64.37,68.3,64.66,64.73,66.68,72.86,69.49,70.03,94.75,96.25,57.77,63.46,82.48,84.05,82.85,85.37,58.9,65.51,67.6,70.53,79.45,86.45,87.1,102.92,118.55}
@attribute Split-9 {37.79,37.71,39.01,39.35,41.29,42.73,48.07,52.46,30.05,33.56,35.14,34.65,38.18,38.26,45.4,48.38,49.64,52.34,66.59,34.44,38.71,38.03,38.6,40.08,41.09,40.37,42.14,43.49,44.93,46.18,48.58,51.3,49.79,53.28,38.63,41.82,42.21,46.84,47.62,46.14,49.34,50.32,47.87,48.72,53.76,60.69,69.35,40.95,43.8,44.43,43.28,45.01,49.55,48.98,52.74,52.08,59.26,53.04,52.93,56.52,60.31,61.69,59.13,67.39,82.03,40.39,45.76,48.79,52.84,53.17,54.51,57.32,56.56,55.78,59.16,58.2,62.47,99.98,70.37,56.93,64.11,81.12,51.54,72.12,82.88,88.24,93.39,102.57,39.02,40.61,39.81,40.44,42.77,48.5,48.22,51.39,52.52,53.85,59.51,72.44,40.89,40.99,44.38,44.5,44.6,44.23,46.86,46.9,46.79,51.19,47.6,51.62,51.13,53.87,53.41,54.86,55.47,55.23,57.65,66.61,65.6,88.27,44.83,45.69,48.6,49.1,50.04,51.21,51.18,52.91,55.59,54.57,54.92,57.9,60.84,58.61,63.62,65.74,75.65,77.47,94.22,47.3,51.1,52.22,51.4,54.13,54.64,58.22,60.65,62.59,69.71,73.38,78.4,81.91,81.58,90.62,45.77,49.86,57.63,55.68,56.71,64.02,63.12,64.78,70.28,71.78,83.79,85.4,89.03,116.81,49.48,53.69,57.13,59.39,68.18,67.3,70.55,71.96,74.83,76.51,78.28,82.25,93.52,99.09,76.87,77.45,76.16,75.05,91.85,87.22,87.83,95.02,95.74,100.01,99.24,36.1,51.37,49.76,72.28,37.15,37.62,39.09,37.84,38.13,43.61,43.45,34.11,37.49,38.29,38.43,38.87,42.87,44.2,44.84,48.13,46.95,48.05,49.93,52.32,50.77,52.78,66.23,62.85,138.19,40.55,42.79,44.17,44.58,44.7,43.51,49.58,50.45,56.59,57.42,58.06,65.52,75.04,38.93,45.52,48.26,50.49,49.71,48.66,50.09,53.64,55.69,60.83,43.89,52.81,58.64,56.36,63.99,64.45,74.96,83.48,42.64,50.94,58.69,58.31,62.4,65.09,63.57,65.56,52.16,82.16,88.69,104.49,128.12,90.24,36.93,35.8,37.89,40.12,42.39,45.66,66.39,39.8,40.97,41.43,41.0,42.48,43.77,42.46,45.19,45.95,47.11,45.71,46.2,47.0,49.27,47.93,49.05,51.9,51.63,53.67,55.26,57.95,43.18,43.97,44.64,46.78,46.41,47.57,49.87,51.89,53.74,56.01,58.87,58.39,56.2,60.77,60.39,60.13,65.29,70.99,76.2,91.41,43.06,45.12,48.42,53.2,53.68,55.04,55.98,58.95,62.01,65.8,62.96,64.37,68.6,78.97,79.51,47.75,52.64,54.43,58.19,57.75,57.44,61.05,62.49,61.66,67.62,67.46,70.97,71.21,90.71,86.72,92.92,54.05,54.14,58.84,62.34,67.11,66.21,69.92,74.06,80.2,77.82,118.19,123.14,63.2,67.25,71.1,71.41,79.42,81.01,92.5,88.39,103.93,101.17,86.66,98.5,111.45,118.32,105.38,33.19,36.82,38.24,38.75,32.94,32.86,35.2,34.39,36.69,36.53,37.29,39.23,39.47,44.1,34.53,35.5,37.4,39.97,38.74,41.39,41.46,39.94,44.29,41.95,43.17,46.01,45.89,49.25,47.65,50.31,45.83,59.41,63.13,69.59,37.93,40.66,41.08,43.85,46.44,45.33,49.6,50.27,49.04,51.06,52.31,53.26,54.98,40.91,45.99,46.02,48.57,48.78,50.64,50.92,52.67,52.15,51.12,55.01,57.47,59.31,76.19,78.26,43.9,45.72,46.43,51.95,58.86,63.22,72.51,79.4,45.49,59.94,65.77,66.6,66.85,69.41,76.82,58.33,70.12,69.33,89.21,97.57,39.55,40.41,41.56,40.75,42.91,45.61,47.07,48.47,*,58.29,38.23,41.65,41.38,45.3,47.73,47.59,46.09,55.73,40.46,40.82,42.03,45.1,48.99,48.54,49.14,54.19,50.26,52.69,52.95,54.77,58.74,60.92,59.48,71.93,72.75,83.46,48.2,53.38,55.11,54.44,55.37,69.82,68.14,70.61,74.4,77.35,77.93,81.15,45.2,53.45,54.07,57.57,58.81,58.48,58.38,60.2,63.73,65.15,76.32,64.55,65.7,67.18,74.2,70.16,71.82,95.7,58.24,81.4,79.59,81.59,94.07,57.77,67.04,66.52,70.98,78.04,84.51,87.74,107.3,117.44}
@attribute Split-10 {34.54,36.24,38.63,38.29,39.97,39.59,44.8,55.98,29.11,33.07,35.22,32.06,36.27,36.08,41.38,44.46,42.77,48.4,57.0,32.8,37.7,36.61,37.64,37.32,40.44,39.14,39.89,41.74,43.73,44.26,46.1,49.15,47.59,53.28,36.65,41.24,41.37,46.01,44.89,43.96,44.36,49.78,45.56,49.93,59.38,63.67,37.48,41.44,40.84,40.47,43.15,45.55,44.45,45.49,52.36,51.18,59.73,48.58,51.83,56.52,52.65,53.66,53.58,62.91,52.35,37.27,43.86,46.04,52.2,49.91,53.0,52.26,52.56,53.01,57.09,60.65,99.98,83.02,53.95,60.66,76.24,48.2,70.35,80.59,83.71,88.24,98.39,35.31,38.17,37.94,38.28,38.22,42.12,43.01,42.91,49.17,49.89,49.59,59.51,64.19,38.48,39.56,43.12,42.6,42.89,42.83,44.52,44.08,48.5,44.57,48.13,47.71,50.87,50.85,49.49,53.08,52.54,54.18,54.66,59.71,61.05,82.33,42.5,44.31,45.22,44.64,48.45,46.06,48.27,50.38,50.37,52.4,51.35,53.6,58.31,55.0,64.73,62.54,74.5,88.68,43.94,47.68,47.99,50.67,52.47,52.98,56.68,58.6,58.14,64.51,59.0,65.56,71.12,70.46,77.62,81.29,43.87,46.99,55.68,56.71,62.68,60.35,63.02,68.12,67.16,74.82,75.07,86.1,116.81,46.69,49.73,54.12,54.38,61.75,64.62,67.18,71.96,71.97,78.46,77.9,78.91,90.95,72.79,74.52,73.2,68.58,87.02,87.23,88.43,89.31,85.68,99.47,97.78,34.34,36.35,47.65,42.92,35.76,35.37,35.1,35.74,37.03,42.07,42.55,32.33,36.31,35.5,37.63,37.84,41.53,38.75,41.15,43.29,43.65,44.42,46.55,50.15,45.3,52.78,60.74,63.93,110.23,36.18,40.99,40.53,42.98,42.11,47.54,44.11,49.65,51.08,55.75,62.27,72.59,37.2,42.9,46.32,47.2,45.99,48.62,45.15,48.03,53.09,51.21,56.4,41.78,52.81,55.07,54.0,60.01,58.18,71.56,79.27,39.65,49.5,54.48,55.56,58.81,58.06,59.63,64.52,50.25,73.45,87.51,95.02,116.95,86.48,36.55,34.7,37.02,39.04,40.35,44.41,62.77,36.23,39.63,39.42,38.93,40.23,39.87,42.03,41.75,44.12,42.97,43.17,41.98,45.76,46.17,45.53,47.41,50.35,48.99,51.98,54.51,55.15,41.34,41.3,42.04,42.37,42.51,43.68,45.85,45.09,49.54,50.1,50.49,54.21,51.14,55.44,54.68,52.72,55.25,57.96,64.75,68.02,76.2,89.18,40.59,43.56,46.41,48.61,49.32,50.84,56.51,61.44,55.69,58.85,66.18,75.83,74.25,43.66,49.39,50.88,55.4,57.01,52.61,58.49,60.48,57.65,65.51,64.5,63.86,65.78,85.58,86.72,88.38,50.27,51.03,53.83,56.45,56.33,57.47,63.72,68.8,66.82,67.53,72.05,73.09,107.44,102.54,56.48,63.58,66.89,66.9,72.08,79.84,86.52,88.39,97.68,94.42,86.66,92.7,111.45,116.34,102.12,32.0,35.67,37.35,36.45,31.17,31.61,34.97,33.87,35.25,35.86,36.64,35.81,37.24,41.36,41.41,32.93,35.17,35.98,38.42,36.57,39.15,38.35,43.25,39.21,39.0,45.17,44.49,43.51,42.96,44.62,51.95,60.9,60.7,39.41,45.44,45.9,45.6,43.61,46.3,49.55,48.39,52.21,37.57,44.16,44.96,46.34,48.38,48.98,48.9,49.45,47.88,48.86,50.21,58.28,75.89,76.75,40.8,43.53,44.56,54.28,56.74,59.97,73.37,60.53,61.36,60.94,79.62,62.34,76.48,58.21,66.33,66.03,89.21,95.09,38.02,37.83,38.32,37.61,41.56,41.81,42.59,44.81,46.2,57.82,36.15,39.94,40.41,39.44,43.06,43.18,44.18,44.01,53.18,38.72,40.07,42.74,44.06,47.23,46.15,47.49,49.18,52.14,53.44,57.07,55.72,55.35,68.03,67.76,85.64,42.66,43.1,56.54,47.58,51.56,52.42,50.82,62.46,66.25,66.94,70.39,78.57,72.57,81.44,43.76,48.91,56.61,56.39,57.63,53.91,53.64,56.89,60.09,63.12,63.17,60.05,61.61,61.25,69.53,66.07,67.98,*,94.62,57.22,60.25,78.27,69.74,84.62,84.4,62.84,62.33,67.03,75.7,83.43,82.58,97.19,107.38,116.2}

@data
1,1,MO,0,53,2809,1,2009,391.66,366.25,-25.41,32.16,35.42,36.7,37.59,38.05,37.69,37.8,38.51,37.79,34.54
2,2,WV,0,52,2704,1,2009,404.6,368.92,-35.68,32.89,35.1,36.66,37.19,38.34,38.17,38.23,38.39,37.71,36.24
3,3,KY,0,51,2601,1,2009,432.23,377.13,-55.1,33.03,36.32,36.95,37.58,38.05,38.75,39.11,39.7,39.01,38.63
4,4,KY,0,53,2809,1,2009,385.5,381.3,-4.2,32.12,36.36,38.29,38.98,38.91,39.23,39.55,40.22,39.35,38.29
5,5,KY,0,53,2809,1,2009,476.11,407.65,-68.46,36.67,39.21,40.31,41.28,41.69,42.83,42.5,41.9,41.29,39.97
6,6,GA,0,54,2916,1,2009,418.0,412.43,-5.57,34.8,38.45,41.03,41.62,41.56,42.22,42.14,48.29,42.73,39.59
7,7,MD,0,52,2704,1,2009,451.31,453.76,2.45,34.42,40.06,45.77,48.05,48.44,47.79,48.62,47.74,48.07,44.8
8,8,OK,0,53,2809,1,2009,520.79,532.18,11.39,50.42,51.04,53.76,55.22,53.29,53.11,53.07,53.83,52.46,55.98
9,1,WA,0,57,3249,2,2009,323.32,301.88,-21.44,28.75,30.9,31.19,30.97,30.78,30.44,29.9,29.79,30.05,29.11
10,2,CA,0,59,3481,2,2009,332.57,317.16,-15.41,28.9,30.75,31.24,31.42,31.52,31.75,32.01,32.94,33.56,33.07
11,3,TN,0,55,3025,2,2009,351.2,335.12,-16.08,29.15,31.18,32.4,33.26,33.99,34.29,35.06,35.43,35.14,35.22
12,4,CA,0,57,3249,2,2009,363.43,338.67,-24.76,30.48,33.16,34.37,34.75,34.37,34.84,34.89,35.1,34.65,32.06
13,5,CO,0,55,3025,2,2009,390.8,368.92,-21.88,31.43,35.44,36.89,37.54,38.06,37.98,38.2,38.93,38.18,36.27
14,6,KY,0,59,3481,2,2009,442.74,371.5,-71.24,31.23,36.5,38.11,38.41,38.3,37.95,37.78,38.88,38.26,36.08
15,7,TX,0,59,3481,2,2009,456.86,438.68,-18.18,36.88,42.55,44.13,46.07,45.56,45.67,46.02,45.02,45.4,41.38
16,8,CA,0,59,3481,2,2009,491.9,464.72,-27.18,37.51,45.38,47.39,47.95,47.86,48.34,48.75,48.7,48.38,44.46
17,9,OH,0,59,3481,2,2009,533.1,484.96,-48.14,40.79,46.02,49.21,48.66,51.97,51.55,52.37,51.98,49.64,42.77
18,10,WI,0,58,3364,2,2009,535.1,511.26,-23.84,43.66,49.64,51.91,52.2,53.45,53.22,53.49,52.95,52.34,48.4
19,11,TX,0,58,3364,2,2009,561.4,627.25,65.85,50.49,59.49,62.42,64.51,66.27,67.62,67.22,65.64,66.59,57.0
20,1,WA,0,60,3600,3,2009,349.98,329.04,-20.94,28.97,31.46,32.33,32.77,33.96,33.92,34.12,34.27,34.44,32.8
21,2,CA,0,63,3969,3,2009,402.63,375.18,-27.45,32.45,36.11,36.73,38.06,38.73,38.63,39.0,39.06,38.71,37.7
22,3,CO,0,61,3721,3,2009,376.0,377.64,1.64,33.87,37.29,38.86,39.28,37.62,37.91,39.14,39.03,38.03,36.61
23,4,FL,0,60,3600,3,2009,379.8,379.41,-0.39,34,37.42,37.88,39.14,38.26,38.89,38.78,38.8,38.6,37.64
24,5,CA,0,62,3844,3,2009,412.0,383.62,-28.38,31.67,36.06,37.72,39.21,40.5,40.19,40.25,40.62,40.08,37.32
25,6,NC,0,64,4096,3,2009,402.8,385.9,-16.9,32.07,35.17,37.49,38.53,39.37,40.44,40.0,41.3,41.09,40.44
26,7,KY,0,62,3844,3,2009,423.8,400.99,-22.81,34.91,38.39,40.63,41.45,41.08,42.22,41.57,41.23,40.37,39.14
27,8,TX,0,63,3969,3,2009,429.9,406.01,-23.89,35.15,38.39,39.7,41.87,41.83,42.44,42.06,42.54,42.14,39.89
28,9,IL,0,63,3969,3,2009,423.4,411.41,-11.99,32.5,38.36,40.29,41.65,43.25,42.41,43.39,44.33,43.49,41.74
29,10,MD,0,63,3969,3,2009,433.2,450.63,17.43,39.03,44.68,46.59,47.48,46.85,46.24,45.93,45.17,44.93,43.73
30,11,UT,0,61,3721,3,2009,446.4,455.42,9.02,40.44,44.23,46.47,46.7,46.56,46.98,46.88,46.72,46.18,44.26
31,12,CA,0,62,3844,3,2009,469.1,456.62,-12.48,39.44,41.48,43.44,45.57,46.84,46.83,48.58,49.76,48.58,46.1
32,13,NC,0,62,3844,3,2009,479.8,472.75,-7.05,39.09,42.89,45.03,47.28,48.16,49.19,49.84,50.82,51.3,49.15
33,14,OH,0,62,3844,3,2009,510.7,484.36,-26.34,41.74,47.83,49.69,49.27,49.81,49.51,49.44,49.69,49.79,47.59
34,15,NM,0,63,3969,3,2009,540.44,519.09,-21.35,39.61,53.28,53.28,53.28,53.28,53.28,53.28,53.28,53.28,53.28
35,1,CA,0,67,4489,4,2009,378.01,374.18,-3.83,34.85,36.7,37.2,37.69,37.75,37.9,38.26,38.55,38.63,36.65
36,2,CA,0,69,4761,4,2009,401.03,399.65,-1.38,34.33,38.03,39.96,39.96,39.96,41.44,41.44,41.47,41.82,41.24
37,3,TX,0,66,4356,4,2009,450.3,413.16,-37.14,35.68,38.3,41.04,43.19,42.63,42.31,43.41,43.02,42.21,41.37
38,4,CA,0,69,4761,4,2009,437.3,438.23,0.93,38.14,41.93,42.68,42.14,43.6,44.97,46.36,45.56,46.84,46.01
39,5,TN,0,65,4225,4,2009,460.94,446.82,-14.12,36.76,43.29,44.63,45.23,44.64,45.91,46.25,47.6,47.62,44.89
40,6,WA,0,68,4624,4,2009,483.44,452.25,-31.19,38.38,42.88,45.39,47.04,46.72,46.62,47.5,47.62,46.14,43.96
41,7,PA,0,66,4356,4,2009,462.8,459.89,-2.91,40.52,43.1,45.41,46.89,46.86,48.11,46.9,48.4,49.34,44.36
42,8,NC,0,69,4761,4,2009,471.6,463.38,-8.22,37.18,41.89,44.09,45.55,47.18,48.29,49.41,49.69,50.32,49.78
43,9,MA,0,69,4761,4,2009,480.5,471.73,-8.77,43.4,44.57,47.55,48.21,49.5,48.58,49.07,48.72,47.87,44.26
44,10,MD,0,65,4225,4,2009,502.12,494.05,-8.07,44.79,48.6,51.04,51.89,51.08,51.4,51.19,49.78,48.72,45.56
45,11,CA,0,68,4624,4,2009,524.91,518.64,-6.27,47.25,52.63,52.4,52.54,52.82,52.39,52.13,52.79,53.76,49.93
46,12,MI,0,67,4489,4,2009,510.9,542.11,31.21,40.17,47.32,51.57,54.37,55.19,56.43,57.91,59.08,60.69,59.38
47,13,VA,0,67,4489,4,2009,697.8,639.64,-58.16,43.12,60.5,65.44,66.58,67.62,67.53,67.44,68.39,69.35,63.67
48,1,TN,0,74,5476,5,2009,426.1,408.52,-17.58,36.45,39.87,41.4,43.62,43.16,42.31,41.77,41.51,40.95,37.48
49,2,CO,0,72,5184,5,2009,452.5,428.1,-24.4,37.35,41.41,43.74,44.73,44.24,43.92,43.93,43.54,43.8,41.44
50,3,NH,0,71,5041,5,2009,463.9,436.38,-27.52,38.77,42.08,43.95,44.7,45.04,46.01,45.55,45.01,44.43,40.84
51,4,CA,0,72,5184,5,2009,467.43,439.37,-28.06,38.74,44.47,45.45,45.76,45.81,45.34,45.82,44.23,43.28,40.47
52,5,OH,0,70,4900,5,2009,501.9,452.41,-49.49,38.9,44.04,45.67,46.86,47.45,47.15,47.7,46.48,45.01,43.15
53,6,CA,0,74,5476,5,2009,446.97,453.35,6.38,40.2,43.61,45.36,46.14,46.46,46.36,46.41,47.08,46.18,45.55
54,7,CA,0,71,5041,5,2009,510.77,470.82,-39.95,41,45.58,48.17,48.76,48.01,48.08,48.12,49.1,49.55,44.45
55,8,TX,0,72,5184,5,2009,471.6,473.69,2.09,37.24,44.04,47.7,49.37,49.93,51.3,50.17,49.47,48.98,45.49
56,9,TX,0,74,5476,5,2009,498.8,504.7,5.9,41.74,48.33,48.33,50.58,52.05,53.01,53.45,52.11,52.74,52.36
57,10,HI,0,74,5476,5,2009,535.9,508.5,-27.4,44.21,49.3,51.56,51.43,52.15,52.35,52.67,51.57,52.08,51.18
58,11,DC,0,71,5041,5,2009,494.4,517.31,22.91,38.09,43.71,47.15,48.98,51.71,54.24,57.15,57.29,59.26,59.73
59,12,VA,0,70,4900,5,2009,540.45,521.4,-19.05,43.63,51.58,54.13,53.45,54.52,53.49,53.68,55.3,53.04,48.58
60,13,TX,0,73,5329,5,2009,507.6,526.09,18.49,43.63,51.93,54.31,54.67,54.65,54.23,54.25,53.66,52.93,51.83
61,14,TN,0,70,4900,5,2009,542.8,573.14,30.34,54.68,54.72,58.33,60.01,58.65,57.61,58.3,57.8,56.52,56.52
62,15,CA,0,72,5184,5,2009,683.89,581.32,-102.57,49.9,57.47,61.47,61.43,60.79,57.41,61.9,57.99,60.31,52.65
63,16,NJ,0,73,5329,5,2009,585.2,596.27,11.07,49.22,57.93,61.16,61.34,61.32,61.88,65.34,62.73,61.69,53.66
64,17,CA,0,72,5184,5,2009,642.97,634.06,-8.91,56.35,64.96,68.5,67.34,67.83,67.39,66.33,62.65,59.13,53.58
65,18,TX,0,72,5184,5,2009,814.85,645.3,-169.55,52.05,62.16,63.05,65.86,68.33,67.94,68.48,67.13,67.39,62.91
66,19,GA,0,71,5041,5,2009,761.0,761.74,0.74,56.28,77.99,83.33,82.65,84.1,79.84,81.81,81.36,82.03,52.35
67,1,TX,0,78,6084,6,2009,438.21,393.57,-44.64,35.06,38.6,40.17,40.84,40.88,40.14,40.31,39.91,40.39,37.27
68,2,CA,0,75,5625,6,2009,457.9,458.95,1.05,39.3,45.38,47.05,48.68,47.67,47.49,46.79,46.97,45.76,43.86
69,3,CA,0,76,5776,6,2009,492.5,485.62,-6.88,39.63,48.26,49.73,50.16,50.63,50.6,50.32,51.46,48.79,46.04
70,4,MT,0,76,5776,6,2009,543.78,494.47,-49.31,40.57,46.05,48.68,49.47,49.86,50.99,51.23,52.58,52.84,52.2
71,5,TX,0,75,5625,6,2009,523.1,506.77,-16.33,42.83,47.25,50.59,52.52,52.22,52.55,53.06,52.67,53.17,49.91
72,6,WI,0,79,6241,6,2009,550.1,536.85,-13.25,44.71,51.38,53.89,55.9,56.88,56.48,54.54,55.56,54.51,53.0
73,7,NC,0,77,5929,6,2009,548.2,547.99,-0.21,47.79,52.2,53.78,55.9,56.58,58.19,57.09,56.88,57.32,52.26
74,8,VA,0,76,5776,6,2009,570.58,559.15,-11.43,50.14,55.52,56.95,57.22,57.39,58.94,56.3,57.57,56.56,52.56
75,9,WA,0,76,5776,6,2009,584.3,561.09,-23.21,51.7,59.7,58.92,57.96,58.75,57.03,56.94,54.4,55.78,49.91
76,10,PA,0,75,5625,6,2009,570.8,566.69,-4.11,46.79,53.57,57.53,58.89,59.87,60.11,59.04,58.72,59.16,53.01
77,11,CA,0,78,6084,6,2009,629.71,590.69,-39.02,50.3,58.96,62.35,61.95,61.53,61.57,59.89,58.85,58.2,57.09
78,12,CA,0,78,6084,6,2009,635.77,633.27,-2.5,55.27,62.02,66.61,65.06,65.29,66.19,65.15,64.56,62.47,60.65
79,13,CA,0,75,5625,6,2009,562.5,641.75,79.25,43.9,52.99,56.15,58.43,59.37,58.87,56.66,55.42,99.98,99.98
80,14,IN,0,75,5625,6,2009,881.5,837.61,-43.89,57.32,72.92,82.72,91.06,90.12,90.12,94.33,105.64,70.37,83.02
81,1,NM,0,81,6561,7,2009,565.67,563.46,-2.21,45.53,54.3,59.25,58.73,59.4,58.29,59.44,57.64,56.93,53.95
82,2,CA,0,81,6561,7,2009,664.91,627.73,-37.18,57.26,63.75,65.14,64.68,63.76,63.46,62.1,62.81,64.11,60.66
83,3,IN,0,81,6561,7,2009,707.5,735.62,28.12,56.65,65.12,68.97,73.7,77.09,77.22,78.7,80.81,81.12,76.24
84,1,CA,0,86,7396,8,2009,513.69,501.71,-11.98,44.28,49.47,51.0,50.95,51.45,51.67,52.05,51.1,51.54,48.2
85,2,SC,0,88,7744,8,2009,658.88,700.27,41.39,59.37,68.67,69.13,71.5,71.34,71.74,72.18,73.87,72.12,70.35
86,3,OH,0,85,7225,8,2009,795.3,789.29,-6.01,70.43,70.43,78.55,77.79,81.22,80.38,81.77,85.25,82.88,80.59
87,4,FL,0,87,7569,8,2009,1021.2,883.7,-137.5,83.91,83.91,88.79,95.59,89.68,89.68,90.09,90.09,88.24,83.71
88,5,OK,0,85,7225,8,2009,*,904.36,*,89.91,89.91,89.91,89.91,89.91,89.91,89.91,93.39,93.39,88.24
89,6,TN,0,86,7396,8,2009,1074.7,1027.22,-47.48,97.59,97.59,105.31,105.31,102.58,112.49,97.46,107.94,102.57,98.39
90,1,KY,1,51,2601,1,2009,446.29,371.2,-75.09,32.62,36.32,36.99,37.61,38.0,38.32,38.92,38.85,38.26,35.31
91,2,MD,1,52,2704,1,2009,390.56,372.28,-18.28,31.6,34.99,37.22,37.87,37.84,38.15,38.38,39.04,39.02,38.17
92,3,TN,1,50,2500,1,2009,391.2,380.1,-11.1,31.72,34.55,37.23,38.77,38.9,39.75,40.67,39.96,40.61,37.94
93,4,CA,1,53,2809,1,2009,411.72,383.8,-27.92,34.76,36.96,37.44,38.35,38.88,39.49,39.98,39.85,39.81,38.28
94,5,CA,1,51,2601,1,2009,393.26,389.55,-3.71,32.86,37.19,38.82,39.44,40.96,40.05,40.59,40.98,40.44,38.22
95,6,UT,1,53,2809,1,2009,432.17,411.08,-21.09,35.15,38.26,41.07,41.65,42.72,42.25,42.56,42.53,42.77,42.12
96,8,RI,1,53,2809,1,2009,*,464.9,*,39.7,45.21,47.15,48.0,48.01,48.26,48.61,48.45,48.5,43.01
97,9,FL,1,53,2809,1,2009,468.6,465.34,-3.26,39.29,44.3,47.2,49.47,47.94,48.09,48.96,48.96,48.22,42.91
98,10,PA,1,51,2601,1,2009,495.7,493.69,-2.01,41.71,46.75,49.07,50.11,50.75,51.25,51.37,52.12,51.39,49.17
99,11,WI,1,52,2704,1,2009,528.4,505.74,-22.66,41.33,47.49,49.95,52.18,52.78,52.84,52.55,54.21,52.52,49.89
100,12,NH,1,54,2916,1,2009,544.6,532.37,-12.23,46.19,52.65,54.31,55.31,54.46,55.4,55.27,55.34,53.85,49.59
101,13,WA,1,54,2916,1,2009,576.24,592.17,15.93,46.84,57.12,62.47,62.05,59.91,63.11,60.81,60.85,59.51,59.51
102,14,DC,1,51,2601,1,2009,763.6,684.51,-79.09,55.45,67.15,69.86,70.88,71.42,73.74,68.03,71.35,72.44,64.19
103,1,CA,1,56,3136,2,2009,402.69,390.58,-12.11,31.37,36.07,38.41,40.35,41.03,41.75,41.21,41.02,40.89,38.48
104,2,CA,1,55,3025,2,2009,464.11,402.31,-61.8,37.89,39.95,40.42,40.55,40.36,40.45,41.21,40.93,40.99,39.56
105,3,SC,1,56,3136,2,2009,426.5,419.74,-6.76,35.27,39.93,41.08,41.71,42.6,43.22,43.97,44.46,44.38,43.12
106,4,NM,1,59,3481,2,2009,462.27,424.06,-38.21,35.18,40.17,42.54,43.27,43.9,43.79,44.19,43.92,44.5,42.6
107,5,MO,1,55,3025,2,2009,448.2,440.63,-7.57,37.48,43.34,45.08,46.21,45.82,44.78,45.03,45.4,44.6,42.89
108,6,KY,1,55,3025,2,2009,468.7,443.1,-25.6,40.33,44.23,45.66,45.67,45.16,45.3,44.85,44.84,44.23,42.83
109,7,TX,1,56,3136,2,2009,489.65,449.47,-40.18,39.34,43.24,45.29,45.89,45.66,45.87,46.15,46.71,46.86,44.46
110,8,TX,1,56,3136,2,2009,445.8,450.52,4.72,38.01,42.58,45.18,46.02,47.01,46.45,47.03,46.82,46.9,44.52
111,9,CA,1,56,3136,2,2009,476.8,457.81,-18.99,41.14,44.72,45.7,46.8,46.54,47.04,47.67,47.33,46.79,44.08
112,10,MD,1,56,3136,2,2009,467.89,478.93,11.04,40.51,44.15,46.79,48.17,48.67,50.17,50.37,50.41,51.19,48.5
113,11,WA,1,56,3136,2,2009,552.8,483.02,-69.78,45.38,48.16,49.41,50.24,49.5,50.32,49.1,48.74,47.6,44.57
114,12,TX,1,57,3249,2,2009,508.1,491.19,-16.91,42.11,46.51,48.49,49.55,50.26,50.79,51.66,52.07,51.62,48.13
115,13,MN,1,56,3136,2,2009,529.5,499.21,-30.29,46.92,50.13,50.05,50.42,50.12,50.84,50.51,51.38,51.13,47.71
116,14,FL,1,58,3364,2,2009,493.8,507.3,13.5,44.94,48.68,51.58,52.46,52.11,51.85,51.39,52.23,51.19,50.87
117,15,VA,1,56,3136,2,2009,550.7,519.74,-30.96,45.32,51.46,52.83,52.7,53.0,52.78,53.07,53.87,53.87,50.85
118,16,MI,1,55,3025,2,2009,512.0,530.99,18.99,48.75,52.46,53.93,55.35,55.3,54.01,53.78,54.51,53.41,49.49
119,17,CA,1,58,3364,2,2009,546.4,532.96,-13.44,46.19,51.75,54.26,54.53,54.72,54.54,54.62,54.41,54.86,53.08
120,18,AZ,1,55,3025,2,2009,553.6,537.65,-15.95,43.63,51.7,53.55,55.61,55.32,56.18,56.2,57.45,55.47,52.54
121,19,TX,1,55,3025,2,2009,568.38,540.5,-27.88,45.72,52.49,54.18,54.78,56.62,55.85,56.2,55.25,55.23,54.18
122,20,OH,1,59,3481,2,2009,577.0,567.03,-9.97,47.02,55.74,57.29,59.48,58.73,58.32,58.05,60.09,57.65,54.66
123,21,PA,1,55,3025,2,2009,626.8,626.85,0.05,45.8,59.73,62.08,63.97,66.45,67.55,67.27,67.68,66.61,59.71
124,22,DC,1,57,3249,2,2009,701.0,646.73,-54.27,60.43,66.34,66.09,64.55,65.37,65.1,66.07,66.13,65.6,61.05
125,23,GA,1,56,3136,2,2009,801.0,857.07,56.07,60.61,79.27,94.14,92.66,90.96,89.73,89.55,89.55,88.27,82.33
126,1,IL,1,62,3844,3,2009,469.3,442.23,-27.07,41,43.45,44.36,44.74,45.73,45.7,45.12,44.8,44.83,42.5
127,2,CA,1,60,3600,3,2009,470.4,452.36,-18.04,41.03,45.39,46.46,46.67,45.74,45.55,45.63,45.89,45.69,44.31
128,3,HI,1,64,4096,3,2009,467.9,464.77,-3.13,39.62,44.56,46.24,47.19,48.1,48.17,48.18,48.89,48.6,45.22
129,4,MA,1,62,3844,3,2009,512.11,474.24,-37.87,42.12,45.49,48.17,49.28,48.56,49.08,48.25,49.55,49.1,44.64
130,5,NY,1,61,3721,3,2009,513.7,494.49,-19.21,45.66,50.06,49.46,50.46,49.17,50.15,50.0,51.04,50.04,48.45
131,6,CA,1,63,3969,3,2009,557.26,509.65,-47.61,49.06,49.06,52.38,52.38,52.38,52.38,52.38,52.38,51.21,46.06
132,7,CA,1,60,3600,3,2009,533.94,514.59,-19.35,46.96,50.83,53.09,53.57,53.41,53.17,51.71,52.4,51.18,48.27
133,8,AZ,1,63,3969,3,2009,525.7,519.72,-5.98,46.09,52.34,54.26,53.38,53.29,51.94,52.45,52.68,52.91,50.38
134,9,OH,1,60,3600,3,2009,511.9,533.35,21.45,46.02,49.59,55.13,54.73,55.14,55.59,55.59,55.59,55.59,50.37
135,10,DC,1,61,3721,3,2009,542.0,542.01,0.01,47.44,55.01,54.58,56.78,55.75,55.25,55.25,54.98,54.57,52.4
136,11,CA,1,64,4096,3,2009,564.23,543.47,-20.76,49.18,52.34,54.26,55.6,56.09,55.9,57.41,56.42,54.92,51.35
137,12,NM,1,63,3969,3,2009,541.92,544,2.08,45.73,51.38,52.85,55.68,54.91,57.25,57.25,57.46,57.9,53.6
138,13,TN,1,61,3721,3,2009,612.5,584.59,-27.91,47.51,55.42,59.98,60.11,60.08,60.09,61.63,60.62,60.84,58.31
139,14,LA,1,64,4096,3,2009,663.0,594.69,-68.31,54.49,61.67,61.63,61.81,61.25,61.07,59.4,59.76,58.61,55.0
140,15,FL,1,62,3844,3,2009,592.0,619.73,27.73,52.09,60.92,61.52,64.15,64.3,65.86,63.01,63.62,63.62,60.65
141,16,NC,1,63,3969,3,2009,618.5,656.24,37.74,54.13,63.52,67.35,68.01,69.21,67.94,67.86,67.75,65.74,64.73
142,17,WV,1,62,3844,3,2009,720.6,675.62,-44.98,47.29,60.03,67.3,70.36,71.73,75.34,72.46,72.92,75.65,62.54
143,18,VA,1,61,3721,3,2009,698.83,769.43,70.6,69.17,78.54,80.07,80.89,78.15,76.62,77.04,76.98,77.47,74.5
144,19,NC,1,62,3844,3,2009,790.0,898.68,108.68,75.5,91.29,84.09,91.47,93.24,90.19,95.78,94.22,94.22,88.68
145,1,TX,1,68,4624,4,2009,465.15,460.52,-4.63,39.99,43.98,45.71,47.61,47.98,48.14,47.7,48.17,47.3,43.94
146,2,MT,1,66,4356,4,2009,561.76,504.51,-57.25,43.67,50.62,51.61,52.6,52.18,51.92,51.65,51.48,51.1,47.68
147,3,TX,1,67,4489,4,2009,568.6,505.04,-63.56,43.97,48.5,52.15,52.06,51.88,52.05,52.13,52.09,52.22,47.99
148,4,MD,1,65,4225,4,2009,549.36,523.98,-25.38,46.26,52.92,54.17,53.67,54.15,53.94,53.36,53.44,51.4,50.67
149,5,CA,1,66,4356,4,2009,548.8,533.84,-14.96,49.57,52.16,55.06,53.87,54.18,53.99,54.42,53.99,54.13,52.47
150,6,CA,1,67,4489,4,2009,547.1,534.09,-13.01,48.56,51.92,53.29,54.31,54.51,54.53,54.65,54.7,54.64,52.98
151,7,FL,1,68,4624,4,2009,589.4,578.52,-10.88,51.17,56.81,58.88,63.06,57.63,58.6,59.05,58.42,58.22,56.68
152,8,FL,1,68,4624,4,2009,587.0,594.92,7.92,49.3,57.19,61.37,60.91,62.26,60.94,62.4,61.3,60.65,58.6
153,9,WA,1,66,4356,4,2009,614.6,612.3,-2.3,54.53,60.89,62.9,62.32,61.76,63.15,63.21,62.81,62.59,58.14
154,10,OH,1,67,4489,4,2009,628.7,640.75,12.05,56.75,60.83,63.38,64.46,64.77,64.77,66.51,67.39,67.39,64.51
155,11,FL,1,65,4225,4,2009,591.2,654.09,62.89,47.74,57.25,69.2,70.47,69.9,70.62,70.62,69.59,69.71,59.0
156,12,NH,1,66,4356,4,2009,787.2,727.47,-59.73,66.54,70.99,73.05,76.71,75.11,74.55,76.02,75.56,73.38,65.56
157,13,GA,1,68,4624,4,2009,776.0,770.17,-5.83,68.12,79.25,79.22,78.53,77.99,79.39,79.24,78.91,78.4,71.12
158,14,WA,1,67,4489,4,2009,787.73,800.99,13.26,78.02,78.02,78.02,81.54,93.13,75.95,77.26,86.69,81.91,70.46
159,15,NH,1,69,4761,4,2009,825.1,802.17,-22.93,75.95,75.95,76.83,81.7,84.39,84.39,80.62,83.14,81.58,77.62
160,16,CA,1,66,4356,4,2009,859.54,865.2,5.66,73.4,85.1,87.82,88.91,90.43,87.58,90.88,89.17,90.62,81.29
161,1,HI,1,70,4900,5,2009,487.09,455.18,-31.91,41.09,44.84,46.2,46.65,47.02,46.6,46.88,46.26,45.77,43.87
162,2,AZ,1,70,4900,5,2009,506.6,476.73,-29.87,41.6,46.73,47.46,46.44,49.12,49.73,49.44,49.36,49.86,46.99
163,3,WA,1,74,5476,5,2009,568.55,553.26,-15.29,45.95,53.14,55.53,56.89,57.63,57.63,57.63,57.63,57.63,53.58
164,4,GA,1,70,4900,5,2009,560.0,554.18,-5.82,48.88,52.41,57.87,56.91,56.49,56.3,56.27,57.7,55.68,55.68
165,5,NC,1,70,4900,5,2009,583.0,567.95,-15.05,46.09,55.38,56.63,59.57,60.22,59.05,58.77,58.82,56.71,56.71
166,6,NM,1,73,5329,5,2009,640.53,619.58,-20.95,51.95,61.57,64.23,62.42,64.33,62.19,62.47,63.72,64.02,62.68
167,7,DC,1,70,4900,5,2009,655.0,619.65,-35.35,52.64,62.24,62.9,64.7,63.31,62.4,64.0,63.99,63.12,60.35
168,8,CA,1,70,4900,5,2009,641.17,631.16,-10.01,57.32,63.2,62.87,63.68,64.6,63.91,64.6,63.18,64.78,63.02
169,9,TN,1,71,5041,5,2009,698.8,674.6,-24.2,53.9,65.78,69.34,68.55,69.12,69.44,69.93,70.14,70.28,68.12
170,10,DC,1,70,4900,5,2009,702.1,721.43,19.33,62.5,72.67,73.13,73.92,76.21,73.75,75.56,74.75,71.78,67.16
171,11,DC,1,72,5184,5,2009,897.6,814.21,-83.39,71.68,82.24,81.72,84.81,83.19,86.37,81.8,83.79,83.79,74.82
172,12,IA,1,73,5329,5,2009,803.4,823.63,20.23,66.38,76.55,83.04,82.63,90.11,86.2,88.36,89.89,85.4,75.07
173,13,AR,1,71,5041,5,2009,869.59,869.46,-0.13,76.64,89.2,89.41,87.48,90.63,87.52,85.01,88.44,89.03,86.1
174,14,OH,1,73,5329,5,2009,1141.7,1137.5,-4.2,105.21,105.21,105.21,117.24,117.24,120.17,116.81,116.81,116.81,116.81
175,1,HI,1,75,5625,6,2009,497.3,487.1,-10.2,44.43,48.55,49.51,49.87,50.0,49.6,49.48,49.48,49.48,46.69
176,2,CA,1,76,5776,6,2009,581.26,530.14,-51.12,46.15,52.2,54.63,54.66,54.18,55.5,54.79,54.61,53.69,49.73
177,3,GA,1,75,5625,6,2009,598.0,570.75,-27.25,51.88,56.93,57.04,59.96,56.18,58.31,61.13,58.07,57.13,54.12
178,4,IL,1,78,6084,6,2009,642.1,594.83,-47.27,54.25,59.52,61.34,62.72,61.14,61.64,60.94,59.51,59.39,54.38
179,5,NM,1,75,5625,6,2009,691.05,666.57,-24.48,56.16,65.69,68.38,69.35,68.73,70.13,68.8,69.4,68.18,61.75
180,6,SC,1,78,6084,6,2009,647.9,670.21,22.31,56.33,64.62,69.59,69.82,69.32,70.1,68.86,69.65,67.3,64.62
181,7,IL,1,76,5776,6,2009,695.7,691.45,-4.25,63.26,68.38,71.0,69.78,70.51,71.43,68.82,70.55,70.55,67.18
182,8,DC,1,76,5776,6,2009,760.0,710.23,-49.77,52.53,67.98,73.09,73.34,75.35,75.54,72.95,75.54,71.96,71.96
183,9,CO,1,77,5929,6,2009,732.8,732.99,0.19,64.35,71.81,76.18,76.05,73.94,73.61,74.56,75.69,74.83,71.97
184,10,NM,1,75,5625,6,2009,766.09,759.22,-6.87,73.99,77.0,75.0,76.66,75.0,75.07,77.83,75.92,76.51,76.24
185,11,Mexico,1,76,5776,6,2009,932.75,778.64,-154.11,64.75,76.65,82.18,80.46,80.18,79.0,79.67,79.01,78.28,78.46
186,12,CA,1,76,5776,6,2009,787.54,781.25,-6.29,65.03,75.66,77.83,77.68,80.43,82.66,82.31,79.5,82.25,77.9
187,13,NV,1,76,5776,6,2009,862.1,893.03,30.93,83.76,92.04,88.91,92.69,91.46,89.11,92.15,90.48,93.52,78.91
188,14,DE,1,76,5776,6,2009,965.4,978.16,12.76,70.43,95.52,103.41,105.36,104.71,100.7,105.41,102.58,99.09,90.95
189,1,CA,1,80,6400,7,2009,764.34,719.36,-44.98,61.66,63.74,68.45,71.34,76.33,74.58,76.3,77.3,76.87,72.79
190,2,CO,1,82,6724,7,2009,658.6,751.83,93.23,71.31,71.31,71.31,76.51,76.59,77.94,77.45,77.45,77.45,74.52
191,3,VA,1,81,6561,7,2009,741.03,755.52,14.49,65.4,76.94,78.79,78.68,77.31,75.56,77.31,76.17,76.16,73.2
192,4,MT,1,80,6400,7,2009,849.6,761.3,-88.3,66.56,74.97,80.43,79.71,78.83,81.53,78.15,77.49,75.05,68.58
193,5,IN,1,80,6400,7,2009,970.63,856.2,-114.43,72.76,82.29,85.13,84.56,87.73,87.8,87.35,89.71,91.85,87.02
194,6,FL,1,83,6889,7,2009,816.7,861.13,44.43,81.58,81.58,81.58,88.5,88.5,88.5,88.5,87.95,87.22,87.23
195,7,CA,1,83,6889,7,2009,916.69,893.23,-23.46,80.55,92.93,93.48,90.15,89.13,91.74,90.71,88.28,87.83,88.43
196,8,OH,1,83,6889,7,2009,898.8,913.68,14.88,78.45,88.31,90.7,92.65,94.09,95.06,95.06,95.02,95.02,89.31
197,9,NM,1,81,6561,7,2009,746.3,954.43,208.13,83.26,89.15,92.28,101.79,97.81,100.52,109.25,98.95,95.74,85.68
198,10,VA,1,82,6724,7,2009,1023.63,977.41,-46.22,77.95,96.74,99.47,100.3,100.42,100.95,101.12,100.98,100.01,99.47
199,1,IL,1,90,8100,9,2009,1065.5,955.23,-110.27,74.06,92.28,95.12,96.96,99.53,97.24,99.23,103.79,99.24,97.78
200,1,TN,0,53,2809,1,2011,354.58,350.57,-4.01,32.05,34.6,35.18,35.01,35.24,35.37,36.21,36.47,36.1,34.34
201,2,WA,0,51,2601,1,2011,421.84,366.39,-55.45,32.1,34.96,35.32,36.31,37.9,38.69,38.21,37.92,38.63,36.35
202,3,LA,0,54,2916,1,2011,526.22,491.66,-34.56,42.38,47.93,50.07,50.94,50.86,49.91,49.86,50.69,51.37,47.65
203,4,TN,0,54,2916,1,2011,515.8,496.1,-19.7,46.15,52.64,52.22,51.49,50.02,51.02,49.35,50.53,49.76,42.92
204,5,AR,0,54,2916,1,2011,634.07,656.52,22.45,41.03,48.97,59.09,64.35,68.35,83.09,73.54,73.85,72.28,71.97
205,1,UT,0,55,3025,2,2011,388.78,359.35,-29.43,31.37,34.42,35.68,36.61,37.08,36.99,37.16,37.13,37.15,35.76
206,2,CO,0,58,3364,2,2011,395.73,368.38,-27.35,32.57,36.35,38.29,37.78,38.19,37.49,37.35,37.37,37.62,35.37
207,3,WA,0,55,3025,2,2011,363.2,373.22,10.02,32.07,35.25,37.94,38.79,38.99,38.42,38.77,38.8,39.09,35.1
208,4,FL,0,58,3364,2,2011,383.83,373.85,-9.98,34.95,36.74,37.56,38.62,38.04,38.26,37.89,38.21,37.84,35.74
209,5,OH,0,59,3481,2,2011,399.0,375.08,-23.92,33.04,36.31,37.73,38.35,39.22,38.19,38.76,38.32,38.13,37.03
210,6,NE,0,58,3364,2,2011,409.0,398.43,-10.57,33.31,36.08,38.07,39.44,39.56,40.82,42.3,43.17,43.61,42.07
211,7,MI,0,56,3136,2,2011,450.44,430.55,-19.89,36.62,39.98,43.13,44.76,45.35,45.56,44.86,44.29,43.45,42.55
212,1,WA,0,63,3969,3,2011,346.65,335.98,-10.67,30.36,32.37,34.23,34.57,34.68,34.56,34.39,34.38,34.11,32.33
213,2,TX,0,62,3844,3,2011,390.61,366.42,-24.19,32.93,35.69,36.67,37.58,37.57,37.83,37.05,37.3,37.49,36.31
214,3,KY,0,61,3721,3,2011,418.5,373.35,-45.15,33.08,36.73,37.75,38.51,38.3,39.09,38.36,37.74,38.29,35.5
215,4,CA,0,60,3600,3,2011,391.74,375.64,-16.1,35.59,37.06,37.72,37.68,37.61,38.05,37.92,37.95,38.43,37.63
216,5,CO,0,64,4096,3,2011,391.46,384.3,-7.16,33.48,37.01,39.2,39.38,38.7,39.04,40.48,40.3,38.87,37.84
217,6,LA,0,61,3721,3,2011,436.82,419.28,-17.54,36.55,40.48,42.34,43.37,43.22,43.14,42.92,42.87,42.87,41.53
218,7,CA,0,61,3721,3,2011,417.93,421.17,3.24,34.04,39.25,42.35,45.05,44.52,44.43,44.51,44.07,44.2,38.75
219,8,TX,0,62,3844,3,2011,423.02,434.03,11.01,37.4,40.71,43.63,45.19,45.46,45.34,44.57,45.74,44.84,41.15
220,9,FL,0,62,3844,3,2011,444.9,452.32,7.42,39.48,43.6,46.12,45.47,46.42,46.21,47.08,46.52,48.13,43.29
221,10,TX,0,60,3600,3,2011,436.77,458.36,21.59,37,44.25,47.07,47.72,47.2,48.16,48.48,47.88,46.95,43.65
222,11,KY,0,63,3969,3,2011,479.9,464.62,-15.28,39.7,43.83,47.31,48.25,48.0,48.4,48.69,47.97,48.05,44.42
223,12,CA,0,63,3969,3,2011,515.46,488.66,-26.8,43.04,47.73,48.65,50.25,50.54,50.53,50.68,50.76,49.93,46.55
224,13,VA,0,60,3600,3,2011,510.2,495.6,-14.6,38.62,44.74,49.68,50.68,51.21,52.19,53.49,52.52,52.32,50.15
225,14,OH,0,62,3844,3,2011,512.5,504.71,-7.79,41.65,54.0,49.69,52.49,51.97,52.12,53.45,53.27,50.77,45.3
226,15,WI,0,60,3600,3,2011,510.31,533.51,23.2,45.26,51.17,54.01,55.0,55.77,56.27,54.92,55.56,52.78,52.78
227,16,TX,0,60,3600,3,2011,652.76,595.46,-57.3,44.42,53.84,56.52,58.64,59.95,63.1,64.92,67.1,66.23,60.74
228,17,LA,0,64,4096,3,2011,624.08,617.35,-6.73,45.87,56.35,63.59,66.68,65.33,65.1,62.75,64.9,62.85,63.93
229,18,TX,0,63,3969,3,2011,1362.77,1231.38,-131.39,96.14,125.98,124.36,124.08,122.52,123.96,130.45,135.47,138.19,110.23
230,1,UT,0,66,4356,4,2011,407.5,405.14,-2.36,36.68,41.29,41.96,42.04,41.93,41.99,41.55,40.97,40.55,36.18
231,2,KY,0,67,4489,4,2011,422.7,419.28,-3.42,37.39,41.34,41.49,42.93,42.42,43.64,43.31,42.98,42.79,40.99
232,3,IL,0,65,4225,4,2011,443.8,424.6,-19.2,35.24,40.52,42.34,43.24,43.72,44.06,43.83,44.56,44.17,42.92
233,4,TX,0,65,4225,4,2011,541.82,429.25,-112.57,35.02,39.65,42.19,44.62,45.88,45.53,45.61,45.64,44.58,40.53
234,5,TX,0,69,4761,4,2011,433.48,434.06,0.58,38.84,41.67,43.02,43.96,44.7,44.17,45.1,44.92,44.7,42.98
235,6,MD,0,65,4225,4,2011,472.9,444.84,-28.06,38.48,44.46,45.51,46.43,46.47,46.09,45.86,45.92,43.51,42.11
236,7,FL,0,69,4761,4,2011,472.62,483.64,11.02,41.62,47.3,49.08,48.92,49.98,49.36,49.51,50.75,49.58,47.54
237,8,KY,0,65,4225,4,2011,480.1,489.54,9.44,41.74,46.83,49.87,51.44,51.22,51.57,51.26,51.05,50.45,44.11
238,9,MI,0,67,4489,4,2011,561.18,547.5,-13.68,43.2,53.24,59.39,58.78,56.26,56.6,57.26,56.53,56.59,49.65
239,10,CT,0,67,4489,4,2011,543.8,551.44,7.64,45.04,54.46,57.63,57.42,55.43,57.67,57.99,57.3,57.42,51.08
240,11,ID,0,68,4624,4,2011,*,569.32,*,46.41,58.58,59.15,57.08,60.15,58.43,56.98,58.73,58.06,55.75
241,12,TX,0,69,4761,4,2011,676.93,662.76,-14.17,58.86,66.84,67.36,67.7,69.53,68.87,68.52,67.29,65.52,62.27
242,13,VA,0,69,4761,4,2011,1213.77,722.42,-491.35,50.97,66.97,73.41,76.48,75.0,77.84,76.95,77.17,75.04,72.59
243,1,FL,0,70,4900,5,2011,374.36,375.75,1.39,34.13,37.33,37.61,37.89,38.1,37.86,38.4,38.3,38.93,37.2
244,2,NC,0,72,5184,5,2011,458.4,445.37,-13.03,40.08,44.03,45.52,45.21,45.9,45.89,45.47,44.85,45.52,42.9
245,3,TX,0,74,5476,5,2011,467.95,480.48,12.53,39.43,46.8,49.98,50.57,50.5,50.28,49.92,48.81,47.87,46.32
246,4,TX,0,70,4900,5,2011,485.03,481.31,-3.72,44.78,47.77,48.89,49.25,48.97,49.0,48.17,49.02,48.26,47.2
247,5,TX,0,71,5041,5,2011,516.63,498.31,-18.32,43.81,49.11,52.21,51.36,51.53,51.74,50.67,51.4,50.49,45.99
248,6,DC,0,71,5041,5,2011,490.0,498.58,8.58,42.81,49.9,53.93,50.88,50.74,51.09,51.09,49.81,49.71,48.62
249,7,OH,0,72,5184,5,2011,524.9,500.96,-23.94,44.21,48.72,51.59,52.69,52.05,52.43,52.87,52.59,48.66,45.15
250,8,MA,0,72,5184,5,2011,485.7,501.38,15.68,46.69,49.19,50.97,51.98,51.68,50.55,50.63,51.57,50.09,48.03
251,9,TN,0,70,4900,5,2011,504.6,516.61,12.01,46.65,51.42,51.5,52.58,51.5,51.79,51.91,52.53,53.64,53.09
252,10,CA,0,70,4900,5,2011,537.99,551.87,13.88,50.05,55.85,56.41,56.57,57.17,56.86,56.43,55.63,55.69,51.21
253,11,LA,0,70,4900,5,2011,589.32,567.89,-21.43,44.53,52.08,57.47,60.65,59.74,58.76,59.07,58.36,60.83,56.4
254,1,OH,0,76,5776,6,2011,464.4,441.04,-23.36,41.17,45.07,45.17,45.09,45.03,44.67,44.59,44.58,43.89,41.78
255,2,TX,0,76,5776,6,2011,526.67,522.36,-4.31,44.12,49.23,51.37,53.1,54.45,54.45,54.43,55.59,52.81,52.81
256,3,FL,0,76,5776,6,2011,574.8,554.47,-20.33,42.9,49.62,55.09,57.53,58.0,58.76,59.34,59.52,58.64,55.07
257,4,TX,0,76,5776,6,2011,565.5,556.78,-8.72,46.58,55.59,57.88,57.02,57.27,57.87,56.94,57.27,56.36,54.0
258,5,WA,0,76,5776,6,2011,617.69,620.2,2.51,51.28,59.6,63.82,63.03,66.39,63.39,63.44,65.25,63.99,60.01
259,6,NC,0,79,6241,6,2011,589.6,621,31.4,52.91,61.64,62.04,63.13,62.55,63.26,67.28,65.56,64.45,58.18
260,7,CA,0,76,5776,6,2011,1039.61,728.4,-311.21,63.17,73.83,74.03,73.4,73.97,74.79,74.1,74.59,74.96,71.56
261,8,TN,0,75,5625,6,2011,665.11,730.09,64.98,59.06,66.35,69.26,68.14,69.66,71.66,81.0,82.21,83.48,79.27
262,1,TX,0,80,6400,7,2011,438.09,422.7,-15.39,37.6,41.83,43.61,44.19,43.4,43.2,43.34,43.24,42.64,39.65
263,2,CO,0,80,6400,7,2011,502.61,505.83,3.22,44.71,48.62,51.83,53.19,52.3,52.04,51.56,51.14,50.94,49.5
264,3,AZ,0,80,6400,7,2011,523.11,549.09,25.98,42.51,50.39,53.36,58.14,57.41,57.5,58.3,58.31,58.69,54.48
265,4,WI,0,82,6724,7,2011,586.82,574.15,-12.67,48.95,54.19,61.18,60.81,60.79,58.97,57.06,58.33,58.31,55.56
266,5,NM,0,83,6889,7,2011,615.9,607.29,-8.61,50.47,58.43,62.71,62.79,63.86,63.1,62.47,62.25,62.4,58.81
267,6,AL,0,81,6561,7,2011,589.0,646.27,57.27,59.52,64.08,66.67,66.94,66.05,67.51,65.78,66.57,65.09,58.06
268,7,OH,0,82,6724,7,2011,686.5,648.07,-38.43,54.45,64.52,67.46,67.68,68.58,68.3,66.89,66.99,63.57,59.63
269,8,CA,0,81,6561,7,2011,658.02,654.41,-3.61,54.48,64.91,67.33,68.21,67.76,68.9,66.94,65.8,65.56,64.52
270,1,IL,0,86,7396,8,2011,536.1,507.41,-28.69,43.38,49.15,50.95,52.49,52.73,52.1,52.4,51.8,52.16,50.25
271,2,WA,0,86,7396,8,2011,794.9,773.78,-21.12,63.07,80.53,78.13,79.31,78.36,80.01,78.82,79.94,82.16,73.45
272,3,TN,0,87,7569,8,2011,832.9,864.36,31.46,71.97,86.63,86.23,87.0,88.62,88.67,89.63,89.41,88.69,87.51
273,4,OH,0,88,7744,8,2011,864.3,975.29,110.99,74.34,88.29,95.8,97.97,101.35,105.34,105.09,107.6,104.49,95.02
274,5,OK,0,89,7921,8,2011,1463.41,1220.76,-242.65,91.18,119.77,119.77,126.14,127.74,129.79,128.0,133.31,128.12,116.95
275,1,AR,0,91,8281,9,2011,905.93,970.56,64.63,77.04,88.99,179.97,91.05,89.48,87.76,88.74,90.81,90.24,86.48
276,1,KY,1,51,2601,1,2011,364.4,350.84,-13.56,31.56,34.26,34.86,35.0,34.82,34.48,35.57,36.81,36.93,36.55
277,2,TX,1,52,2704,1,2011,375.67,353.93,-21.74,31.67,35.4,36.47,36.7,35.93,35.67,35.53,36.06,35.8,34.7
278,3,TN,1,51,2601,1,2011,379.54,369.44,-10.1,32.77,36.04,36.91,37.9,37.39,38.15,37.67,37.7,37.89,37.02
279,4,MD,1,52,2704,1,2011,399.2,389.64,-9.56,35.14,38.12,38.93,39.39,39.79,39.68,39.62,39.81,40.12,39.04
280,5,TN,1,53,2809,1,2011,394.8,409.39,14.59,35.23,39.49,41.22,41.66,41.73,42.37,42.52,42.43,42.39,40.35
281,6,PA,1,53,2809,1,2011,475.38,458.45,-16.93,40.44,46.0,47.21,47.23,47.06,47.05,47.04,46.35,45.66,44.41
282,7,TX,1,53,2809,1,2011,708.0,667.3,-40.7,56.93,65.73,69.79,70.84,68.84,69.58,68.52,67.91,66.39,62.77
283,1,TX,1,56,3136,2,2011,373.84,365.43,-8.41,32.11,36.39,36.99,37.21,37.28,37.11,37.19,37.43,37.49,36.23
284,2,MD,1,55,3025,2,2011,382.9,377.72,-5.18,32.61,36.22,37.79,37.69,38.05,38.09,38.46,39.38,39.8,39.63
285,3,NC,1,57,3249,2,2011,409.1,390.21,-18.89,34.26,36.98,38.79,39.22,39.14,39.76,40.17,41.5,40.97,39.42
286,4,WA,1,59,3481,2,2011,412.04,404.59,-7.45,35.59,39.77,41.13,41.67,41.58,41.44,41.68,41.37,41.43,38.93
287,5,VA,1,56,3136,2,2011,418.5,416.37,-2.13,38.04,41.05,42.56,43.23,43.14,42.49,42.34,42.29,41.0,40.23
288,6,SC,1,58,3364,2,2011,427.63,420.77,-6.86,37.41,41.25,42.76,43.19,43.56,43.55,43.46,43.24,42.48,39.87
289,7,TX,1,56,3136,2,2011,425.04,420.86,-4.18,38.11,41.14,41.94,42.37,42.42,42.86,42.87,43.35,43.77,42.03
290,8,NH,1,55,3025,2,2011,445.1,431.22,-13.88,41.24,44.34,43.83,43.79,44.37,43.84,41.77,43.83,42.46,41.75
291,9,LA,1,57,3249,2,2011,441.27,441.36,0.09,39.34,42.96,43.9,44.85,44.79,45.69,45.48,45.22,45.19,43.94
292,10,NM,1,58,3364,2,2011,462.7,453.3,-9.4,40.69,44.12,45.24,46.05,46.74,47.06,46.69,46.64,45.95,44.12
293,11,AL,1,57,3249,2,2011,462.43,455,-7.43,39.04,44.69,46.11,46.86,47.52,47.74,46.4,46.56,47.11,42.97
294,12,MI,1,58,3364,2,2011,470.19,455.27,-14.92,42.03,44.75,46.14,46.96,46.76,46.39,46.56,46.8,45.71,43.17
295,13,RI,1,55,3025,2,2011,583.9,457.18,-126.72,40.39,45.12,47.2,47.39,47.55,47.4,47.43,46.52,46.2,41.98
296,14,FL,1,55,3025,2,2011,475.08,459.76,-15.32,40.87,45.01,46.45,46.52,46.49,46.99,46.77,47.9,47.0,45.76
297,15,CT,1,57,3249,2,2011,499.2,473.89,-25.31,40.97,46.08,47.52,49.18,47.76,48.41,48.87,49.66,49.27,46.17
298,16,FL,1,58,3364,2,2011,497.04,484.93,-12.11,42.44,47.0,49.88,50.44,50.32,50.93,50.07,50.39,47.93,45.53
299,17,NM,1,57,3249,2,2011,477.0,487.22,10.22,46.14,46.57,48.26,49.3,50.63,49.85,49.85,50.16,49.05,47.41
300,18,TX,1,59,3481,2,2011,501.78,493.72,-8.06,42.13,45.91,48.03,49.52,49.7,51.63,51.51,53.04,51.9,50.35
301,19,CA,1,57,3249,2,2011,536.22,511.47,-24.75,45.5,51.41,52.9,54.63,51.57,51.84,51.29,51.71,51.63,48.99
302,20,DE,1,58,3364,2,2011,549.9,528.59,-21.31,46.36,52.66,53.08,54.01,54.41,54.06,53.84,54.52,53.67,51.98
303,21,TX,1,58,3364,2,2011,553.95,541.81,-12.14,46.65,52.82,54.25,55.51,55.94,55.44,55.85,55.58,55.26,54.51
304,22,NM,1,58,3364,2,2011,591.0,567.83,-23.17,50.47,56.02,58.3,57.93,57.88,58.5,57.9,57.73,57.95,55.15
305,1,MO,1,61,3721,3,2011,403.64,420.96,17.32,36.14,40.73,42.45,42.96,43.34,43.53,43.8,43.16,43.51,41.34
306,2,NM,1,62,3844,3,2011,449.3,426.92,-22.38,37.48,42.01,42.76,43.15,43.94,44.44,44.32,44.34,43.18,41.3
307,3,NC,1,62,3844,3,2011,461.3,436.33,-24.97,37.43,41.5,44.67,45.18,45.47,44.86,45.98,45.23,43.97,42.04
308,4,IL,1,64,4096,3,2011,478.6,443.17,-35.43,40.24,44.57,44.73,45.51,45.45,45.55,45.16,44.95,44.64,42.37
309,5,TX,1,61,3721,3,2011,438.2,447.95,9.75,38.12,43.55,45.68,46.89,45.93,46.21,46.24,46.04,46.78,42.51
310,6,TN,1,64,4096,3,2011,463.01,452.12,-10.89,39.34,43.86,46.04,46.57,46.89,46.5,46.46,46.37,46.41,43.68
311,7,CA,1,61,3721,3,2011,536.65,474.25,-62.4,42.31,47.14,48.57,49.08,48.16,48.96,48.63,47.98,47.57,45.85
312,8,MA,1,64,4096,3,2011,509.7,489.13,-20.57,43.47,47.82,50.12,51.23,49.87,50.11,50.84,50.71,49.87,45.09
313,9,CA,1,63,3969,3,2011,539.11,516.43,-22.68,47.76,50.87,52.82,52.14,52.59,52.96,53.49,52.37,51.89,49.54
314,10,FL,1,60,3600,3,2011,507.86,516.52,8.66,45.28,50.79,52.75,53.66,53.48,52.56,52.91,53.09,51.9,50.1
315,11,NM,1,63,3969,3,2011,514.8,523.49,8.69,44.17,50.15,53.74,54.78,54.97,54.34,53.94,53.17,53.74,50.49
316,12,CA,1,61,3721,3,2011,508.16,534.9,26.74,43.22,48.97,53.07,55.08,55.6,56.16,56.49,56.09,56.01,54.21
317,13,SC,1,62,3844,3,2011,523.39,536.95,13.56,49,53.77,54.9,54.71,54.33,54.8,54.44,55.22,54.64,51.14
318,14,MI,1,60,3600,3,2011,569.31,539.74,-29.57,42.97,51.69,52.51,53.89,54.59,55.74,56.87,57.17,58.87,55.44
319,15,TX,1,63,3969,3,2011,527.06,551.97,24.91,50.72,53.48,54.96,55.07,55.44,55.87,56.72,56.64,58.39,54.68
320,16,CA,1,60,3600,3,2011,552.94,554.54,1.6,48.66,55.61,57.82,57.22,56.72,57.05,57.29,55.25,56.2,52.72
321,17,OH,1,62,3844,3,2011,581.4,576.54,-4.86,49.37,55.92,58.05,59.42,59.11,59.51,59.57,59.57,60.77,55.25
322,18,OH,1,60,3600,3,2011,548.1,585.35,37.25,48.64,54.78,58.25,61.24,60.59,61.56,61.1,60.84,60.39,57.96
323,19,DC,1,64,4096,3,2011,610.9,587.51,-23.39,47.9,56.8,60.88,61.27,60.53,60.78,60.26,60.36,60.13,58.6
324,20,CA,1,64,4096,3,2011,615.12,632.71,17.59,53.5,61.06,63.43,64.67,64.51,65.3,65.1,65.1,65.29,64.75
325,21,NM,1,60,3600,3,2011,678.4,681.6,3.2,58.38,67.5,67.62,68.1,69.32,70.0,69.58,72.09,70.99,68.02
326,22,VA,1,64,4096,3,2011,858.23,770.83,-87.4,72.64,75.73,78.41,77.99,78.84,77.82,78.14,78.86,76.2,76.2
327,23,NC,1,64,4096,3,2011,833.9,893.91,60.01,82.31,85.51,91.06,88.46,91.72,91.22,91.46,91.58,91.41,89.18
328,1,NM,1,68,4624,4,2011,431.7,423.89,-7.81,38,41.92,43.09,43.46,43.83,43.31,43.14,43.49,43.06,40.59
329,2,IL,1,66,4356,4,2011,460.9,443.47,-17.43,40.13,44.57,44.78,44.8,45.32,45.03,45.41,44.75,45.12,43.56
330,3,TX,1,65,4225,4,2011,474.75,472.1,-2.65,38.7,44.65,47.15,48.75,49.05,49.72,49.3,49.95,48.42,46.41
331,4,MD,1,68,4624,4,2011,564.5,518.5,-46.0,46.08,51.32,52.8,53.54,53.67,53.02,52.72,53.54,53.2,48.61
332,5,AZ,1,66,4356,4,2011,526.62,537.13,10.51,47.26,53.86,56.2,55.53,54.86,55.98,54.17,54.45,53.68,51.14
333,6,FL,1,65,4225,4,2011,588.32,548.08,-40.24,48.06,54.56,56.78,57.71,55.42,57.25,57.71,56.23,55.04,49.32
334,7,CA,1,66,4356,4,2011,558.4,554.81,-3.59,49.31,54.48,56.84,57.76,56.81,58.17,56.57,58.05,55.98,50.84
335,8,LA,1,67,4489,4,2011,652.58,607.77,-44.81,59.11,61.74,64.69,60.98,61.88,62.18,59.97,61.76,58.95,56.51
336,9,MD,1,66,4356,4,2011,622.7,615.79,-6.91,53.85,61.07,62.14,62.71,62.62,62.58,62.6,64.77,62.01,61.44
337,10,FL,1,67,4489,4,2011,559.04,615.94,56.9,51.82,58.24,60.38,68.2,65.31,66.78,64.05,59.67,65.8,55.69
338,11,OH,1,69,4761,4,2011,628.6,616.89,-11.71,57.06,60.53,61.99,63.66,63.24,63.23,62.7,62.67,62.96,58.85
339,12,MD,1,69,4761,4,2011,634.0,620.82,-13.18,57.25,61.05,62.93,61.55,62.05,63.48,63.27,62.6,64.37,62.27
340,13,GA,1,68,4624,4,2011,696.0,675.51,-20.49,58.83,65.92,70.0,69.39,68.79,69.69,68.74,69.37,68.6,66.18
341,14,CA,1,68,4624,4,2011,786.24,769.95,-16.29,61.3,73.75,80.04,84.32,79.79,80.17,77.04,78.74,78.97,75.83
342,15,ME,1,69,4761,4,2011,800.45,779.82,-20.63,70.3,77.61,77.45,78.34,79.43,81.33,80.22,81.38,79.51,74.25
343,1,TX,1,71,5041,5,2011,490.43,470.06,-20.37,41.84,46.61,47.65,47.79,48.93,48.62,48.52,48.69,47.75,43.66
344,2,TX,1,70,4900,5,2011,547.4,518.59,-28.81,45.49,52.4,53.25,54.22,53.39,52.31,52.4,53.1,52.64,49.39
345,3,FL,1,70,4900,5,2011,529.15,526.79,-2.36,46.36,52.42,53.61,53.08,54.63,54.76,52.46,54.16,54.43,50.88
346,4,NC,1,72,5184,5,2011,583.8,570.32,-13.48,49.74,56.39,58.0,58.39,58.61,58.6,58.25,58.75,58.19,55.4
347,5,FL,1,70,4900,5,2011,586.67,574.58,-12.09,50.75,57.43,58.98,58.63,58.47,57.58,58.96,59.02,57.75,57.01
348,6,AZ,1,73,5329,5,2011,656.9,589.2,-67.7,56.7,61.71,60.55,60.7,61.09,59.82,58.28,60.3,57.44,52.61
349,7,FL,1,70,4900,5,2011,594.84,595.58,0.74,50.63,58.01,60.35,62.04,60.16,61.51,61.68,61.66,61.05,58.49
350,8,DC,1,72,5184,5,2011,637.4,607.35,-30.05,47.97,58.2,61.97,64.12,62.41,63.77,62.23,63.71,62.49,60.48
351,9,TN,1,72,5184,5,2011,586.32,608.06,21.74,53.31,59.24,63.85,63.06,62.81,61.56,62.59,62.33,61.66,57.65
352,10,CA,1,71,5041,5,2011,679.25,646.95,-32.3,61.1,62.04,63.5,63.87,64.34,67.39,65.62,65.96,67.62,65.51
353,11,TX,1,74,5476,5,2011,686.38,669.83,-16.55,61.08,66.57,66.37,68.65,68.01,68.66,68.84,69.69,67.46,64.5
354,12,VA,1,71,5041,5,2011,704.5,712.39,7.89,61.02,70.6,75.94,76.48,74.61,71.81,74.02,73.08,70.97,63.86
355,13,DC,1,72,5184,5,2011,757.9,719.05,-38.85,64.03,72.5,74.72,74.25,75.31,74.29,74.07,72.89,71.21,65.78
356,14,KY,1,70,4900,5,2011,883.1,869.75,-13.35,72.7,85.94,88.64,88.37,88.9,89.84,89.29,89.78,90.71,85.58
357,15,DC,1,74,5476,5,2011,782.7,871.53,88.83,81.04,81.04,89.35,87.3,89.97,89.34,89.36,90.71,86.72,86.72
358,16,AR,1,73,5329,5,2011,1198.86,913.65,-285.21,79.53,92.81,94.27,94.16,93.97,92.35,92.8,92.46,92.92,88.38
359,1,FL,1,75,5625,6,2011,570.56,532.5,-38.06,48.04,54.07,54.26,54.04,54.02,53.7,55.52,54.53,54.05,50.27
360,2,CA,1,79,6241,6,2011,590.96,540.93,-50.03,48.21,55.62,54.1,55.39,54.59,55.94,54.59,57.32,54.14,51.03
361,3,FL,1,75,5625,6,2011,597.57,557.59,-39.98,51.47,56.34,57.15,56.35,57.36,55.67,57.08,55.98,56.36,53.83
362,4,IA,1,78,6084,6,2011,854.05,580.34,-273.71,50.64,55.46,58.22,59.37,59.52,61.03,60.6,60.21,58.84,56.45
363,5,WA,1,76,5776,6,2011,581.35,585.74,4.39,50.61,57.24,59.29,60.38,59.52,59.62,59.82,61.88,61.05,56.33
364,6,TX,1,76,5776,6,2011,640.64,603,-37.64,51.58,59.3,63.38,61.63,63.32,60.45,63.0,60.53,62.34,57.47
365,7,DC,1,78,6084,6,2011,617.96,655.92,37.96,52.52,63.19,67.92,68.96,68.52,68.92,68.79,66.27,67.11,63.72
366,8,AR,1,76,5776,6,2011,657.18,660.05,2.87,57.71,62.83,66.95,67.71,68.01,69.29,69.27,69.16,66.21,62.91
367,9,CO,1,77,5929,6,2011,659.24,686.52,27.28,61.5,68.43,68.81,68.96,70.61,70.17,68.91,70.41,69.92,68.8
368,10,IL,1,78,6084,6,2011,725.1,695.7,-29.4,63.59,68.34,70.57,72.74,70.57,72.32,70.23,70.15,70.37,66.82
369,11,NM,1,77,5929,6,2011,722.7,703.63,-19.07,57.48,67.79,70.69,73.12,73.9,73.43,73.01,72.62,74.06,67.53
370,12,CA,1,79,6241,6,2011,793.06,755.83,-37.23,65.12,74.1,75.66,75.28,77.47,77.92,77.77,80.26,80.2,72.05
371,13,MD,1,77,5929,6,2011,849.2,765.95,-83.25,71.59,76.58,78.01,76.4,78.02,78.88,77.46,78.1,77.82,73.09
372,14,TN,1,77,5929,6,2011,967.09,1104.88,137.79,96.73,96.73,108.54,113.33,116.79,114.58,114.38,118.19,118.19,107.44
373,15,OH,1,76,5776,6,2011,1227.3,1201.64,-25.66,102.86,114.56,124.97,123.39,125.97,130.6,131.98,121.63,123.14,102.54
374,1,IL,1,80,6400,7,2011,647.3,626.32,-20.98,57.76,62.53,66.22,64.49,63.97,63.87,64.21,63.59,63.2,56.48
375,2,TX,1,83,6889,7,2011,701.49,665.66,-35.83,58.86,65.7,66.09,68.77,68.43,69.27,68.95,68.76,67.25,63.58
376,3,CA,1,82,6724,7,2011,700.9,689.37,-11.53,61.98,67.73,70.21,69.3,70.45,70.49,70.95,70.27,71.1,66.89
377,4,SC,1,81,6561,7,2011,709.0,708.69,-0.31,59.46,69.65,72.44,73.68,75.28,73.82,72.98,73.07,71.41,66.9
378,5,TX,1,82,6724,7,2011,729.16,768.71,39.55,67.43,76.93,79.01,79.13,77.5,78.23,77.96,81.02,79.42,72.08
379,6,TX,1,82,6724,7,2011,857.13,822.78,-34.35,72.98,82.39,86.43,89.08,87.73,83.19,81.5,78.63,81.01,79.84
380,7,VT,1,81,6561,7,2011,968.0,885.69,-82.31,82.99,83.07,86.08,89.08,90.24,91.35,92.96,90.9,92.5,86.52
381,8,NM,1,83,6889,7,2011,990.8,924,-66.8,87.72,95.83,95.72,92.36,94.44,94.58,94.24,92.34,88.39,88.39
382,9,IN,1,82,6724,7,2011,906.29,973.86,67.57,81.08,90.61,96.74,99.7,98.97,103.17,102.11,99.87,103.93,97.68
383,10,CO,1,84,7056,7,2011,994.31,1002.7,8.39,102.91,105.94,99.66,99.66,103.02,97.91,97.91,100.12,101.17,94.42
384,1,FL,1,86,7396,8,2011,908.13,869.65,-38.48,77.44,90.23,90.23,89.3,89.3,86.5,86.66,86.66,86.66,86.66
385,2,OH,1,86,7396,8,2011,910.2,932.62,22.42,82.01,87.34,93.53,93.95,95.48,95.48,98.19,95.45,98.5,92.7
386,3,CO,1,86,7396,8,2011,1341.53,1121.28,-220.25,98.35,119.3,123.12,110.88,110.88,111.45,112.47,111.94,111.45,111.45
387,4,TX,1,88,7744,8,2011,1148.97,1191.01,42.04,110.88,117.76,122.45,116.77,123.12,115.77,122.73,126.87,118.32,116.34
388,1,IL,1,92,8464,9,2011,1000.0,1037.23,37.23,83.03,103.81,108.6,108.63,109.12,106.82,105.5,104.22,105.38,102.12
389,1,MA,0,54,2916,1,2013,391.26,338.69,-52.57,31.86,34.61,35.57,35.4,34.85,34.14,33.68,33.39,33.19,32.0
390,2,WA,0,53,2809,1,2013,361.83,359.02,-2.81,31.74,34.65,36.44,36.7,37.3,36.44,36.17,37.09,36.82,35.67
391,3,CA,0,52,2704,1,2013,381.2,368.94,-12.26,32.54,35.2,36.22,36.89,37.47,37.58,38.69,38.76,38.24,37.35
392,4,OH,0,52,2704,1,2013,396.39,379.98,-16.41,32.94,36.7,38.46,38.71,39.08,40.23,39.42,39.24,38.75,36.45
393,1,OH,0,56,3136,2,2013,349.83,329.08,-20.75,30.9,33.39,33.65,33.55,33.53,33.37,33.27,33.31,32.94,31.17
394,2,NM,0,59,3481,2,2013,353.44,330.15,-23.29,31.95,33.89,33.97,33.69,32.99,32.85,32.89,33.45,32.86,31.61
395,3,TN,0,55,3025,2,2013,344.5,343.41,-1.09,31.11,34.0,34.6,34.48,34.66,34.64,34.75,35.0,35.2,34.97
396,4,OH,0,55,3025,2,2013,360.93,358.96,-1.97,33.39,36.69,37.22,36.95,37.15,36.86,37.16,35.28,34.39,33.87
397,5,PA,0,57,3249,2,2013,364.0,360.38,-3.62,32.06,35.25,35.58,37.16,37.49,36.65,37.02,37.23,36.69,35.25
398,6,KY,0,56,3136,2,2013,384.27,363.65,-20.62,33.64,35.77,36.74,37.37,37.51,36.37,36.56,37.3,36.53,35.86
399,7,OH,0,56,3136,2,2013,379.91,368.08,-11.83,32.78,35.7,36.54,37.31,37.65,38.01,38.31,37.85,37.29,36.64
400,8,WA,0,57,3249,2,2013,389.08,378.66,-10.42,32.34,36.53,38.74,39.46,39.04,39.0,39.5,39.01,39.23,35.81
401,9,OH,0,55,3025,2,2013,407.24,379.26,-27.98,33.12,36.3,37.36,38.67,38.71,39.12,39.49,39.78,39.47,37.24
402,10,WV,0,56,3136,2,2013,432.13,420.35,-11.78,34.88,38.73,41.77,43.31,45.22,44.28,44.88,43.19,42.73,41.36
403,11,OH,0,55,3025,2,2013,460.46,440.14,-20.32,42.64,45.16,44.29,44.35,44.83,44.51,44.37,44.48,44.1,41.41
404,1,TN,0,60,3600,3,2013,347.2,342.17,-5.03,32.12,34.07,34.56,34.66,34.98,34.93,34.85,34.54,34.53,32.93
405,2,OH,0,60,3600,3,2013,366.53,354.83,-11.7,33.16,35.44,35.02,35.88,36.81,36.32,35.66,35.87,35.5,35.17
406,3,CO,0,60,3600,3,2013,399.96,368.85,-31.11,32.4,35.95,37.18,38.0,38.32,38.1,37.96,37.56,37.4,35.98
407,4,OH,0,62,3844,3,2013,372.24,376.72,4.48,33.56,36.23,37.27,37.83,37.69,37.96,38.29,39.5,39.97,38.42
408,5,OR,0,60,3600,3,2013,348.18,384.4,36.22,35.45,38.15,39.16,38.87,39.28,39.29,39.34,39.55,38.74,36.57
409,6,CA,0,62,3844,3,2013,385.95,391.28,5.33,35.42,37.36,38.21,38.55,40.39,39.51,40.35,40.95,41.39,39.15
410,7,PA,0,63,3969,3,2013,408.1,394.24,-13.86,33.65,37.35,39.14,40.05,40.54,40.73,40.72,40.97,41.46,39.63
411,8,OH,0,61,3721,3,2013,395.69,395.83,0.14,34.28,38.75,40.44,41.05,41.35,40.54,40.75,40.38,39.94,38.35
412,9,KY,0,63,3969,3,2013,382.41,405.3,22.89,34.06,37.76,39.17,39.72,41.39,40.72,41.95,42.99,44.29,43.25
413,10,PA,0,61,3721,3,2013,407.4,406.18,-1.22,34.25,37.83,40.05,41.77,42.19,42.81,42.79,43.33,41.95,39.21
414,11,NY,0,60,3600,3,2013,397.37,420.03,22.66,34.47,40.26,42.37,43.53,43.64,44.07,45.1,44.42,43.17,39.0
415,12,OH,0,63,3969,3,2013,440.26,433.8,-6.46,36.87,39.86,41.22,43.4,43.72,45.73,45.71,46.11,46.01,45.17
416,13,FL,0,64,4096,3,2013,448.3,445.54,-2.76,39.43,43.0,44.59,45.24,45.86,45.9,46.29,44.85,45.89,44.49
417,14,IL,0,61,3721,3,2013,459.01,452.57,-6.44,41.09,42.45,44.76,45.47,45.74,45.85,46.64,47.81,49.25,43.51
418,15,TX,0,62,3844,3,2013,445.48,456.43,10.95,36.12,43.05,46.65,46.64,48.94,47.96,48.26,48.2,47.65,42.96
419,16,MI,0,60,3600,3,2013,463.81,462.15,-1.66,37.5,42.22,45.24,46.25,47.01,48.26,48.67,49.1,50.31,47.59
420,17,TX,0,64,4096,3,2013,450.09,462.52,12.43,37.7,44.53,46.79,48.8,48.11,48.62,48.75,48.77,45.83,44.62
421,19,DE,0,60,3600,3,2013,565.2,577.27,12.07,45.57,54.64,60.8,60.26,60.45,61.27,61.87,61.05,59.41,51.95
422,20,TN,0,61,3721,3,2013,583.4,642.05,58.65,53.06,64.67,67.91,66.75,67.81,65.62,65.87,66.33,63.13,60.9
423,21,MD,0,63,3969,3,2013,681.7,673.34,-8.36,44.71,58.39,67.51,70.54,73.8,78.24,76.36,73.5,69.59,60.7
424,1,OH,0,68,4624,4,2013,410.57,391.48,-19.09,33.35,38.81,39.25,40.3,40.77,40.61,40.42,38.7,37.93,41.34
425,2,CO,0,66,4356,4,2013,399.02,394.12,-4.9,34.78,37.9,39.43,40.09,39.63,39.96,41.1,41.16,40.66,39.41
426,3,Russia,0,68,4624,4,2013,373.71,410.25,36.54,35.74,41.67,42.71,43.22,42.91,42.71,42.02,41.74,41.08,36.45
427,4,NY,0,65,4225,4,2013,456.55,443.71,-12.84,39.98,42.68,44.56,46.71,45.91,46.15,44.38,46.53,43.85,42.96
428,5,IL,0,67,4489,4,2013,459.1,449.4,-9.7,37.06,42.11,45.03,45.49,46.95,46.79,46.7,47.39,46.44,45.44
429,6,MD,0,67,4489,4,2013,508.8,453.82,-54.98,39.59,45.53,46.32,46.99,46.08,45.47,46.18,46.43,45.33,45.9
430,7,IL,0,66,4356,4,2013,462.85,467.9,5.05,37.3,42.46,46.15,48.77,48.94,49.3,50.22,49.56,49.6,45.6
431,8,KY,0,67,4489,4,2013,512.52,485.52,-27.0,41.95,48.43,50.2,50.19,49.96,50.83,51.55,48.53,50.27,43.61
432,9,OH,0,69,4761,4,2013,485.48,488.08,2.6,43.38,48.87,50.99,50.65,50.19,49.81,49.67,49.18,49.04,46.3
433,10,AL,0,69,4761,4,2013,482.0,488.48,6.48,42.24,45.3,48.71,48.89,50.51,50.63,50.62,50.97,51.06,49.55
434,11,OH,0,67,4489,4,2013,511.9,502.52,-9.38,44.82,47.48,50.77,51.01,51.76,51.6,52.36,52.02,52.31,48.39
435,12,WA,0,69,4761,4,2013,524.94,525.91,0.97,46.13,51.39,51.78,53.14,54.6,54.24,53.13,56.03,53.26,52.21
436,13,CT,0,69,4761,4,2013,544.2,541.46,-2.74,47.97,53.86,55.62,55.31,54.94,56.25,54.27,55.25,54.98,53.01
437,1,ME,0,70,4900,5,2013,418.7,411.19,-7.51,37.42,42.43,42.11,42.07,42.19,42.29,42.33,41.87,40.91,37.57
438,2,TX,0,71,5041,5,2013,430.36,440.89,10.53,39.11,41.3,43.15,44.39,45.21,45.85,46.55,45.18,45.99,44.16
439,3,OH,0,71,5041,5,2013,438.8,458.94,20.14,40.28,44.55,47.17,46.75,47.05,47.93,47.26,46.97,46.02,44.96
440,4,CT,0,70,4900,5,2013,471.8,469.29,-2.51,41.06,46.47,47.72,47.41,48.07,47.52,48.25,47.88,48.57,46.34
441,5,MI,0,70,4900,5,2013,504.7,472.69,-32.01,39.61,45.42,46.72,48.28,48.28,49.03,48.26,49.93,48.78,48.38
442,6,DC,0,73,5329,5,2013,506.27,490.93,-15.34,39.74,48.35,49.84,50.17,50.79,51.07,52.21,49.54,50.64,48.58
443,7,FL,0,71,5041,5,2013,434.36,500.1,65.74,43.73,49.73,51.94,50.58,52.37,51.33,50.62,49.9,50.92,48.98
444,8,MA,0,74,5476,5,2013,508.1,504,-4.1,44.5,47.5,49.65,50.81,51.9,51.68,53.5,52.89,52.67,48.9
445,9,TX,0,72,5184,5,2013,509.52,511.97,2.45,47.18,50.39,52.66,52.37,52.01,50.91,52.25,52.6,52.15,49.45
446,10,OH,0,74,5476,5,2013,554.55,514.13,-40.42,44.62,51.71,52.78,53.23,53.32,53.65,53.85,51.97,51.12,47.88
447,11,VA,0,74,5476,5,2013,604.98,539.86,-65.12,45.41,52.77,55.09,55.41,56.18,57.07,57.17,56.89,55.01,48.86
448,12,FL,0,71,5041,5,2013,535.4,540.82,5.42,45.43,50.3,55.72,55.71,55.53,56.15,57.91,56.39,57.47,50.21
449,13,TX,0,71,5041,5,2013,670.02,609.71,-60.31,54.45,62.67,61.34,63.78,63.61,62.71,63.51,60.05,59.31,58.28
450,14,FL,0,72,5184,5,2013,624.04,656.38,32.34,49.36,58.68,66.01,64.03,64.58,63.19,67.43,71.02,76.19,75.89
451,15,VA,0,71,5041,5,2013,746.38,749.88,3.5,54.22,69.52,75.95,78.04,77.77,79.23,79.41,80.73,78.26,76.75
452,1,TN,0,79,6241,6,2013,442.0,435.19,-6.81,40.46,45.03,44.56,44.04,43.67,44.26,44.78,43.69,43.9,40.8
453,2,OH,0,78,6084,6,2013,455.49,447.88,-7.61,40.54,44.69,45.35,45.37,45.95,45.94,45.89,44.9,45.72,43.53
454,3,CO,0,77,5929,6,2013,470.21,455.88,-14.33,40.16,45.73,45.89,46.13,47.61,46.1,46.15,47.12,46.43,44.56
455,4,NC,0,76,5776,6,2013,530.85,512.69,-18.16,43.74,49.64,53.25,53.59,53.14,54.12,53.49,52.78,51.95,46.99
456,5,TX,0,78,6084,6,2013,578.6,570.1,-8.5,48.23,59.21,58.13,59.42,58.42,58.82,57.86,56.87,58.86,54.28
457,6,FL,0,75,5625,6,2013,664.65,615.98,-48.67,51.27,61.22,61.28,65.72,63.89,64.96,65.89,61.79,63.22,56.74
458,7,OH,0,78,6084,6,2013,650.31,687.25,36.94,54.57,67.79,68.55,70.18,73.39,73.85,73.93,72.51,72.51,59.97
459,8,TX,0,77,5929,6,2013,761.7,737.45,-24.25,61.75,68.01,70.67,75.98,77.01,76.48,76.94,77.84,79.4,73.37
460,1,TX,0,82,6724,7,2013,429.65,441.89,12.24,41.23,42.94,44.51,45.13,45.41,45.07,45.24,44.76,45.49,42.11
461,2,CA,0,80,6400,7,2013,574.0,600.26,26.26,47.78,57.34,64.6,65.36,63.15,61.44,58.64,61.48,59.94,60.53
462,3,MI,0,82,6724,7,2013,662.83,615.19,-47.64,48.73,56.23,*,*,*,*,*,*,65.77,61.36
463,4,TX,0,80,6400,7,2013,*,660.04,*,56.31,63.32,70.23,66.46,67.67,69.74,68.77,70.0,66.6,60.94
464,5,WI,0,84,7056,7,2013,667.84,675.78,7.94,53.47,63.37,68.13,69.33,*,*,*,*,66.85,79.62
465,6,OH,0,84,7056,7,2013,713.49,702.87,-10.62,59.51,69.74,73.33,74.54,73.31,72.66,72.54,75.49,69.41,62.34
466,7,CA,0,83,6889,7,2013,756.37,785.46,29.09,64.61,81.21,82.01,82.6,81.21,79.17,81.75,79.6,76.82,76.48
467,1,IL,0,88,7744,8,2013,550.17,574.42,24.25,49.36,53.62,57.26,60.43,59.55,59.48,59.24,58.94,58.33,58.21
468,2,OH,0,86,7396,8,2013,674.13,651.64,-22.49,53.24,59.79,65.93,66.81,65.76,66.85,69.01,67.8,70.12,66.33
469,3,NM,0,85,7225,8,2013,585.32,686.11,100.79,56.57,67.2,71.77,69.88,70.66,73.53,69.96,71.18,69.33,66.03
470,4,TN,0,89,7921,8,2013,911.0,910.21,-0.79,81,91.81,90.98,93.98,95.59,94.95,92.26,91.22,89.21,89.21
471,5,MD,0,86,7396,8,2013,894.1,950.33,-41.34,71.87,89.9,97.49,95.71,99.91,101.33,101.42,100.04,97.57,95.09
472,1,TX,1,54,2916,1,2013,321.78,379.5,57.72,31.39,36.46,38.52,38.6,39.13,39.0,39.04,39.79,39.55,38.02
473,2,OH,1,53,2809,1,2013,406.04,394.41,-11.63,35.14,38.2,39.71,40.58,40.48,40.92,40.71,40.43,40.41,37.83
474,3,NY,1,52,2704,1,2013,402.51,402.65,0.14,36.57,39.75,40.49,41.06,41.05,41.12,41.29,41.44,41.56,38.32
475,4,PA,1,53,2809,1,2013,400.7,402.84,2.14,36.23,40.21,41.92,42.12,41.84,40.95,40.83,40.38,40.75,37.61
476,5,OH,1,54,2916,1,2013,431.31,425.6,-5.71,36.56,41.53,42.19,43.11,43.71,43.84,44.23,44.37,44.5,41.56
477,6,KY,1,51,2601,1,2013,444.34,431.77,-12.57,38.85,42.75,43.54,45.25,44.51,44.43,43.8,43.92,42.91,41.81
478,7,DC,1,52,2704,1,2013,421.07,433.72,12.65,38.47,42.25,43.03,43.34,44.13,44.94,44.72,44.64,45.61,42.59
479,8,OH,1,54,2916,1,2013,*,459.01,*,38.99,43.26,46.06,47.48,47.28,47.74,48.22,48.1,47.07,44.81
480,9,PA,1,51,2601,1,2013,479.4,474.2,-5.2,41.65,45.76,46.84,49.3,49.12,48.15,49.52,49.19,48.47,46.2
481,10,WA,1,54,2916,1,2013,523.1,510.89,-12.21,41.15,47.2,48.91,52.49,*,*,52.94,55.26,*,48.9
482,11,IL,1,54,2916,1,2013,742.81,574.43,-168.38,48.68,56.91,58.21,58.31,58.15,59.95,58.74,59.37,58.29,57.82
483,1,OH,1,56,3136,2,2013,382.55,374.01,-8.54,33.66,36.9,37.91,38.06,38.05,38.24,38.5,38.31,38.23,36.15
484,2,MD,1,57,3249,2,2013,390.1,390.36,0.26,34.5,37.86,39.35,39.39,39.42,39.54,39.87,40.05,40.44,39.94
485,3,SC,1,56,3136,2,2013,424.57,404.6,-19.97,35.16,38.6,39.87,41.32,41.37,42.4,41.63,42.19,41.65,40.41
486,4,VA,1,58,3364,2,2013,434.8,411.83,-22.97,36.43,40.5,41.73,42.23,43.1,42.19,42.71,42.12,41.38,39.44
487,5,MO,1,58,3364,2,2013,455.2,456.4,1.2,41.31,44.54,45.75,47.67,47.69,47.08,47.08,46.92,45.3,43.06
488,6,KY,1,59,3481,2,2013,383.68,458.58,74.9,41.03,45.68,47.33,47.44,47.63,46.39,46.96,47.23,45.71,43.18
489,7,RI,1,57,3249,2,2013,441.6,463.72,22.12,39.46,44.47,47.46,48.2,48.59,48.06,47.84,47.73,47.73,44.18
490,8,TX,1,58,3364,2,2013,500.07,465.73,-34.34,41.84,46.37,47.63,47.39,47.96,48.05,47.8,47.09,47.59,44.01
491,9,PA,1,55,3025,2,2013,455.8,469.21,13.41,42.14,46.66,48.42,49.56,48.83,48.11,47.5,47.45,46.09,44.45
492,10,WI,1,56,3136,2,2013,538.2,543.46,5.26,45.42,48.54,55.1,56.9,57.68,56.94,57.24,56.73,55.73,53.18
493,1,OH,1,60,3600,3,2013,394.2,384.46,-9.74,33.24,37.49,38.86,39.33,39.63,39.36,39.32,39.16,39.35,38.72
494,2,WA,1,61,3721,3,2013,399.68,398.33,-1.35,35.46,39.74,40.49,40.65,40.66,40.9,40.74,40.48,40.46,38.75
495,3,OH,1,60,3600,3,2013,416.3,409.08,-7.22,38.09,40.7,42.32,41.96,41.68,41.5,41.51,40.43,40.82,40.07
496,4,SC,1,60,3600,3,2013,433.53,411.43,-22.1,36.98,40.89,41.81,41.79,41.9,42.2,42.2,42.22,42.03,39.41
497,5,NC,1,64,4096,3,2013,457.86,436.15,-21.71,36.97,40.84,42.62,45.66,45.26,45.87,46.45,44.64,45.1,42.74
498,6,NM,1,64,4096,3,2013,459.58,442.94,-16.64,37.48,42.77,44.11,45.15,45.64,45.87,46.07,46.02,45.77,44.06
499,7,MI,1,60,3600,3,2013,484.57,472.43,-12.14,39.42,43.49,46.72,48.32,49.34,49.8,49.9,50.39,48.99,46.06
500,8,PA,1,61,3721,3,2013,473.0,473.13,0.13,43.6,46.3,47.79,47.83,49.15,46.89,47.42,48.38,48.54,47.23
501,9,DC,1,62,3844,3,2013,526.2,479.71,-46.49,41.76,47.59,49.33,48.31,49.89,49.06,49.06,49.42,49.14,46.15
502,10,TX,1,61,3721,3,2013,505.86,496.03,-9.83,42.29,46.17,48.31,49.9,50.38,50.15,51.39,53.36,54.19,49.89
503,11,NE,1,62,3844,3,2013,510.5,498.74,-11.76,44.99,49.12,52.65,51.56,50.68,50.49,50.75,50.75,50.26,47.49
504,12,DE,1,60,3600,3,2013,570.1,517.98,-52.12,47.5,53.11,54.09,52.51,52.61,52.29,51.71,52.29,52.69,49.18
505,13,TN,1,61,3721,3,2013,493.7,519.93,26.23,47.85,51.04,52.34,52.88,53.48,52.67,52.98,52.6,52.95,51.14
506,14,FL,1,62,3844,3,2013,544.2,530.34,-13.86,46.5,51.72,53.46,53.43,55.54,55.26,53.36,54.16,54.77,52.14
507,15,MN,1,60,3600,3,2013,527.28,550.37,23.09,50.03,53.94,54.63,54.43,56.74,56.35,56.14,57.23,57.44,53.44
508,16,MO,1,63,3969,3,2013,558.5,571.09,12.59,51.21,59.0,57.28,55.6,57.95,57.94,57.16,59.14,58.74,57.07
509,17,MI,1,62,3844,3,2013,608.1,581.52,-26.58,46.1,54.13,56.96,60.41,60.84,62.11,63.4,60.93,60.92,55.72
510,18,PA,1,63,3969,3,2013,593.0,587,-6.0,49.36,56.88,59.86,61.35,61.61,62.03,60.91,60.17,59.48,55.35
511,19,OH,1,64,4096,3,2013,621.12,691.19,70.07,56.14,64.1,71.59,70.26,73.2,72.1,71.45,72.39,71.93,68.03
512,20,TX,1,62,3844,3,2013,720.31,706.23,-14.08,61.98,69.49,72.62,70.93,71.54,71.85,71.97,75.34,72.75,67.76
513,21,OH,1,63,3969,3,2013,701.23,755.18,53.95,56.83,65.94,71.18,72.96,78.46,78.42,80.04,82.25,83.46,85.64
514,1,IL,1,66,4356,4,2013,467.26,444,-23.26,41.01,44.46,45.3,45.52,45.67,45.2,45.02,44.56,44.6,42.66
515,2,TN,1,66,4356,4,2013,481.8,465.05,-16.75,40.57,46.03,48.15,47.76,47.68,48.28,47.14,48.14,48.2,43.1
516,3,PA,1,67,4489,4,2013,462.8,470.6,7.8,38.86,43.64,43.77,44.86,44.86,46.71,48.15,49.83,53.38,56.54
517,4,MA,1,66,4356,4,2013,502.3,490.83,-11.47,42.5,48.3,50.5,51.01,50.78,50.3,51.15,49.99,48.72,47.58
518,5,RI,1,65,4225,4,2013,526.8,505.44,-21.36,41.57,46.12,48.8,49.62,52.16,53.34,53.6,53.56,55.11,51.56
519,6,PA,1,65,4225,4,2013,570.6,538.29,32.31,43.79,52.69,55.62,57.36,56.8,55.39,55.85,53.93,54.44,52.42
520,7,OH,1,66,4356,4,2013,563.9,549.1,-14.8,48.91,53.19,56.78,58.03,57.17,56.0,56.64,56.19,55.37,50.82
521,8,NC,1,68,4624,4,2013,638.76,655.9,17.14,55.89,65.63,68.41,66.5,67.07,66.85,68.43,64.84,69.82,62.46
522,9,MD,1,68,4624,4,2013,626.3,662.14,35.84,56.74,63.18,67.11,67.64,68.48,68.72,68.3,67.58,68.14,66.25
523,10,DC,1,69,4761,4,2013,703.09,693.35,-9.74,57.42,70.65,69.96,71.67,70.55,73.54,70.43,71.58,70.61,66.94
524,11,DC,1,68,4624,4,2013,741.9,705.22,-36.68,56.81,64.05,72.99,70.81,72.49,73.59,75.43,74.26,74.4,70.39
525,12,MN,1,69,4761,4,2013,793.32,765.52,-27.8,66.09,76.15,77.96,78.9,77.81,76.37,78.69,77.63,77.35,78.57
526,13,VA,1,66,4356,4,2013,745.2,775.61,30.41,75.66,78.17,79.38,80.1,78.51,78.0,76.73,78.56,77.93,72.57
527,14,PA,1,66,4356,4,2013,785.1,785.25,0.15,63.07,76.21,78.99,84.69,81.34,79.25,81.26,77.85,81.15,81.44
528,1,NM,1,70,4900,5,2013,467.4,449.62,-17.78,39.54,44.01,45.87,46.71,46.52,46.68,46.09,45.24,45.2,43.76
529,2,TX,1,72,5184,5,2013,552.4,524.85,-27.55,46.04,51.14,53.88,54.56,54.44,55.12,53.6,53.07,53.45,49.55
530,3,MD,1,70,4900,5,2013,562.4,530.08,-32.32,46.66,54.06,53.52,54.2,53.85,55.42,54.6,54.79,54.07,48.91
531,4,TX,1,71,5041,5,2013,457.48,539.35,81.87,45.55,50.04,53.08,54.2,55.03,56.51,54.72,56.48,57.13,56.61
532,5,FL,1,72,5184,5,2013,546.9,548.9,2.0,48.65,48.65,54.37,56.13,56.17,56.19,58.29,56.49,57.57,56.39
533,6,LA,1,74,5476,5,2013,605.0,558.98,-46.02,47.34,53.15,54.62,56.05,57.6,58.38,57.45,57.95,58.81,57.63
534,7,PA,1,72,5184,5,2013,563.86,563.72,-0.14,46.15,53.73,56.28,59.6,58.38,59.5,59.05,58.64,58.48,53.91
535,8,NC,1,74,5476,5,2013,635.39,569.84,-65.55,47.19,54.84,59.87,58.66,59.87,61.14,58.23,58.02,58.38,53.64
536,9,TN,1,74,5476,5,2013,599.9,588.82,-11.08,52.34,57.81,59.88,59.92,60.2,59.24,61.32,61.02,60.2,56.89
537,10,DC,1,74,5476,5,2013,603.57,616.34,12.77,51.13,57.3,61.48,64.07,65.41,64.14,64.36,64.63,63.73,60.09
538,11,PA,1,72,5184,5,2013,610.3,621.65,11.35,55.84,58.86,61.52,62.3,62.95,63.17,64.37,64.37,65.15,63.12
539,12,AZ,1,71,5041,5,2013,594.49,625.85,31.36,51.83,56.88,60.96,61.04,62.14,63.08,62.13,68.3,76.32,63.17
540,13,MD,1,71,5041,5,2013,642.1,626.14,-15.96,54.3,61.05,63.8,65.05,62.64,64.57,65.47,64.66,64.55,60.05
541,14,FL,1,72,5184,5,2013,614.6,644.73,30.13,52.77,64.33,68.57,66.63,66.76,67.97,65.66,64.73,65.7,61.61
542,15,OH,1,71,5041,5,2013,659.23,650.15,-9.08,55.84,62.73,67.3,67.19,67.32,67.4,67.26,66.68,67.18,61.25
543,16,OH,1,71,5041,5,2013,716.46,676.42,-40.04,51.63,60.0,65.89,70.0,69.85,70.52,71.94,72.86,74.2,69.53
544,17,PA,1,72,5184,5,2013,698.0,678.47,-19.53,53.46,66.74,70.4,71.07,71.56,69.87,69.65,69.49,70.16,66.07
545,18,CA,1,73,5329,5,2013,677.69,687.78,10.09,62.71,66.17,67.15,70.25,70.33,69.47,71.87,70.03,71.82,67.98
546,19,NC,1,70,4900,5,2013,690.18,760.39,70.21,55.32,67.74,75.73,*,*,*,*,*,*,*
547,20,WA,1,71,5041,5,2013,865.77,878.72,12.95,72.6,*,*,*,*,*,89.05,94.75,*,*
548,21,KY,1,72,5184,5,2013,951.27,945.5,-5.77,72.83,95.02,98.85,98.11,98.31,98.31,97.5,96.25,95.7,94.62
549,1,MA,1,75,5625,6,2013,579.05,576.86,-2.19,51.43,57.19,58.25,60.21,59.76,58.49,58.3,57.77,58.24,57.22
550,2,OH,1,75,5625,6,2013,640.78,608.28,-32.5,51.07,57.16,59.17,61.81,63.86,63.85,64.03,63.46,63.62,60.25
551,3,MD,1,79,6241,6,2013,793.0,791.27,-1.73,69.31,79.0,80.02,79.45,79.75,80.72,80.87,82.48,81.4,78.27
552,4,NJ,1,77,5929,6,2013,853.0,814.93,-38.07,72.07,83.94,84.13,86.25,86.72,83.77,84.67,84.05,79.59,69.74
553,5,NY,1,75,5625,6,2013,832.12,825.95,-6.17,74.88,82.12,85.43,82.72,85.06,82.79,83.89,82.85,81.59,84.62
554,6,DC,1,76,5776,6,2013,835.82,868.21,32.39,76.65,85.68,88.58,83.95,88.9,88.28,92.33,85.37,94.07,84.4
555,1,CA,1,81,6561,7,2013,546.94,564.31,17.37,51.01,54.6,56.86,57.53,58.62,58.01,58.2,58.9,57.77,52.81
556,2,DC,1,80,6400,7,2013,650.72,642.68,-8.04,52.67,61.44,67.65,66.23,65.21,67.34,66.75,65.51,67.04,62.84
557,3,IL,1,82,6724,7,2013,669.52,654.6,-14.92,59.03,64.6,66.51,66.74,65.31,68.46,67.5,67.6,66.52,62.33
558,4,MD,1,82,6724,7,2013,691.8,692.02,0.22,63.07,67.85,69.66,70.69,71.25,70.42,70.54,70.53,70.98,67.03
559,5,VA,1,81,6561,7,2013,754.07,760.63,6.56,66.53,70.76,75.51,77.05,79.88,76.96,80.75,79.45,78.04,75.7
560,6,CA,1,81,6561,7,2013,849.56,837.33,12.23,73.3,81.36,85.57,85.97,86.63,85.45,84.66,86.45,84.51,83.43
561,7,NC,1,80,6400,7,2013,794.75,850.63,55.88,74.87,78.38,85.82,89.38,*,*,86.05,87.1,87.74,82.58
562,1,CO,1,86,7396,8,2013,1033.09,1000.34,-32.75,92.12,99.51,97.7,98.87,*,*,101.44,*,*,97.19
563,2,NY,1,86,7396,8,2013,927.74,1003.41,75.67,87.04,99.39,99.39,95.43,100.76,99.71,104.09,102.92,107.3,107.38
564,3,FL,1,88,7744,8,2013,920.4,1099.61,179.21,88.14,105.79,*,*,*,*,*,*,*,*
565,1,IL,1,94,8836,9,2013,1201.18,1121.02,-80.16,81.19,109.9,115.49,114.29,117.11,113.28,117.57,118.55,117.44,116.2
